node_id	degree	weight_degree	closeness_centrality	betweenness_centrality	eigenvector_centrality
ASV364	26	26	0.0384615384615385	0	0
ASV901	3	2.97979589711327	0.112885020441285	0	0
ASV28	1	0.985610760609162	0.338199770797262	0	0
ASV613	1	0.970588235294118	1.03030303030303	0	0
ASV953	4	4	0.25	0	0
ASV893	47	47	0.0212765957446809	0	0.999999999999999
ASV87	1	0.985610760609162	1.01459931239178	0	0
ASV148	1	0.971008312455224	1.02985730108887	0	0
ASV4616	39	39	0.0256410256410256	0	0
ASV1130	8	8	0.125	0	0
ASV1455	32	32	0.03125	0	2.88444402957534e-16
ASV621	2	1.97979589711327	0.505102572168219	0	0
ASV1936	10	10	0.1	0	0
ASV2332	46	46	0.0217391304347826	0	1.24992574614932e-14
ASV373	1	0.985610760609162	1.01459931239178	0	0
ASV1041	2	2	0.5	0	0
ASV2260	46	46	0.0217391304347826	0	1.23069611928548e-14
ASV163	1	1	1	0	0
ASV2359	46	46	0.0217391304347826	0	1.26915537301315e-14
ASV95	1	1	1	0	0
ASV1007	2	1.96747750735186	0.508265022732564	0	0
ASV928	47	47	0.0212765957446809	0	0.999999999999999
ASV1016	6	5.87877538267963	0.170103454359943	9	0
ASV2328	46	46	0.0217391304347826	0	1.25954055958123e-14
ASV2046	10	10	0.1	0	0
ASV3263	16	16	0.0625	0	0
ASV860	5	5	0.2	0	0
ASV175	1	0.970588235294118	1.03030303030303	0	0
ASV2310	46	46	0.0217391304347826	0	1.22108130585356e-14
ASV270	26	26	0.0384615384615385	0	0
ASV2934	39	39	0.0256410256410256	0	0
ASV1820	7	7	0.142857142857143	0	0
ASV166	1	0.970588235294118	1.03030303030303	0	0
ASV1424	32	32	0.03125	0	3.84592537276713e-16
ASV2305	46	46	0.0217391304347826	0	1.2403109327174e-14
ASV321	1	1	1	0	0
ASV120	1	0.985610760609162	1.01459931239178	0	0
ASV2349	46	46	0.0217391304347826	0	1.24992574614932e-14
ASV445	2	1.98561076060916	0.50362337867932	0	0
ASV879	1	0.983738753675929	1.01653004546513	0	0
ASV4622	39	39	0.0256410256410256	0	0
ASV1037	47	47	0.0212765957446809	0	1
ASV4591	39	39	0.0256410256410256	0	0
ASV61	2	1.97122152121832	0.169530545081429	3	0
ASV706	1	0.983738753675929	0.338843348488376	0	0
ASV3265	16	16	0.0625	0	0
ASV66	2	1.97122152121832	0.507299656195892	1	0
ASV4590	39	39	0.0256410256410256	0	0
ASV228	2	1.97122152121832	0.253649828097946	0	0
ASV2330	46	46	0.0217391304347826	0	1.24992574614932e-14
ASV303	26	26	0.0384615384615385	0	0
ASV124	3	2.94180975651244	0.339926807906679	2	0
ASV1077	2	1.98373875367593	0.504098636046188	0	0
ASV2354	46	46	0.0217391304347826	0	1.24992574614932e-14
ASV547	1	0.983738753675929	1.01653004546513	0	0
ASV968	4	4	0.25	0	0
ASV492	1	1	1	0	0
ASV1853	32	32	0.03125	0	2.40370335797945e-16
ASV2345	46	46	0.0217391304347826	0	1.2403109327174e-14
ASV922	47	47	0.0212765957446809	0	0.999999999999999
ASV2341	3	2.93938769133981	0.340206908719886	2	0
ASV1982	1	1	1	0	0
ASV147	1	1	1	0	0
ASV1919	10	10	0.1	0	0
ASV925	8	8	0.125	0	0
ASV2267	6	5.97979589711327	0.167229787973658	0	0
ASV2371	46	46	0.0217391304347826	0	1.24992574614932e-14
ASV1136	2	1.98373875367593	0.504098636046188	0	0
ASV2275	46	46	0.0217391304347826	0	1.25954055958123e-14
ASV207	1	0.971008312455224	1.02985730108887	0	0
ASV861	47	47	0.0212765957446809	0	0.999999999999999
ASV1507	1	1	1	0	0
ASV234	4	4	0.25	0	0
ASV69	1	1	1	0	0
ASV838	1	0.983738753675929	0.338843348488376	0	0
ASV2070	10	10	0.1	0	0
ASV2285	46	46	0.0217391304347826	0	1.26915537301315e-14
ASV242	26	26	0.0384615384615385	0	4.80740671595891e-17
ASV245	26	26	0.0384615384615385	0	4.80740671595891e-17
ASV411	26	26	0.0384615384615385	0	0
ASV2262	6	5.97979589711327	0.167229787973658	0	0
ASV1089	8	8	0.125	0	0
ASV4600	39	39	0.0256410256410256	0	0
ASV837	1	0.985184366143778	1.0150384378451	0	0
ASV2346	46	46	0.0217391304347826	0	1.24992574614932e-14
ASV117	1	0.983738753675929	1.01653004546513	0	0
ASV1846	32	32	0.03125	0	2.40370335797945e-16
ASV1859	32	32	0.03125	0	4.80740671595891e-17
ASV240	4	4	0.25	0	0
ASV83	1	0.970588235294118	1.03030303030303	0	0
ASV962	3	2.97979589711327	0.112885020441285	0	0
ASV2314	46	46	0.0217391304347826	0	1.23069611928548e-14
ASV654	5	5	0.2	0	0
ASV345	1	0.985610760609162	1.01459931239178	0	0
ASV2630	39	39	0.0256410256410256	0	0
ASV341	1	1	1	0	0
ASV319	1	0.985610760609162	1.01459931239178	0	0
ASV301	1	1	1	0	0
ASV29	1	1	1	0	0
ASV1035	5	5	0.2	0	0
ASV198	2	1.95959179422654	0.510310363079829	0	0
ASV430	3	2.91302493736567	0.205353820085852	3	0
ASV2357	46	46	0.0217391304347826	0	1.24992574614932e-14
ASV1975	10	10	0.1	0	0
ASV947	47	47	0.0212765957446809	0	0.999999999999999
ASV211	1	1	1	0	0
ASV910	1	0.983738753675929	1.01653004546513	0	0
ASV268	26	26	0.0384615384615385	0	4.80740671595891e-17
ASV4609	39	39	0.0256410256410256	0	0
ASV2336	46	46	0.0217391304347826	0	1.23069611928548e-14
ASV1365	39	39	0.0256410256410256	0	0
ASV3278	16	16	0.0625	0	0
ASV4602	39	39	0.0256410256410256	0	0
ASV4613	39	39	0.0256410256410256	0	0
ASV1847	5	5	0.2	0	0
ASV2388	6	5.97979589711327	0.167229787973658	0	0
ASV1884	7	7	0.142857142857143	0	0
ASV920	47	47	0.0212765957446809	0	0.999999999999999
ASV1398	10	10	0.1	0	0
ASV250	26	26	0.0384615384615385	0	0
ASV932	8	8	0.125	0	0
ASV2939	39	39	0.0256410256410256	0	0
ASV2565	39	39	0.0256410256410256	0	0
ASV973	47	47	0.0212765957446809	0	0.999999999999999
ASV1880	32	32	0.03125	0	3.84592537276713e-16
ASV277	1	0.985610760609162	1.01459931239178	0	0
ASV1082	2	1.96747750735186	0.508265022732564	1	0
ASV3269	16	16	0.0625	0	0
ASV3297	3	3	0.333333333333333	0	0
ASV129	1	0.985610760609162	0.11292449888569	0	0
ASV897	47	47	0.0212765957446809	0	0.999999999999999
ASV215	2	1.97979589711327	0.505102572168219	0	0
ASV174	1	0.983738753675929	1.01653004546513	0	0
ASV314	1	1	1	0	0
ASV1878	32	32	0.03125	0	9.61481343191781e-17
ASV854	47	47	0.0212765957446809	0	0.999999999999999
ASV951	47	47	0.0212765957446809	0	0.999999999999999
ASV65	1	0.985610760609162	0.338199770797262	0	0
ASV946	47	47	0.0212765957446809	0	1
ASV27	3	2.95661907306439	0.204138470720208	1	0
ASV1646	39	39	0.0256410256410256	0	0
ASV384	2	1.94201662491045	0.514928650544437	1	0
ASV260	1	1	1	0	0
ASV1823	10	10	0.1	0	0
ASV325	26	26	0.0384615384615385	0	0
ASV1414	32	32	0.03125	0	0
ASV4637	39	39	0.0256410256410256	0	0
ASV1001	3	2.97979589711327	0.112885020441285	0	0
ASV836	1	1	1	0	0
ASV4606	39	39	0.0256410256410256	0	0
ASV1029	8	8	0.125	0	1.20185167898973e-17
ASV2261	46	46	0.0217391304347826	0	1.24992574614932e-14
ASV448	2	1.98561076060916	0.50362337867932	0	0
ASV478	4	4	0.25	0	0
ASV2579	39	39	0.0256410256410256	0	0
ASV58	1	0.985610760609162	1.01459931239178	0	0
ASV2361	46	46	0.0217391304347826	0	1.25954055958123e-14
ASV2010	1	1	1	0	0
ASV1092	2	2	0.5	0	0
ASV3258	16	16	0.0625	0	0
ASV940	4	4	0.25	0	0
ASV1009	47	47	0.0212765957446809	0	0.999999999999999
ASV162	1	0.983738753675929	1.01653004546513	0	0
ASV105	1	0.985610760609162	1.01459931239178	0	0
ASV3266	16	16	0.0625	0	0
ASV170	1	0.985610760609162	1.01459931239178	0	0
ASV370	4	4	0.25	0	0
ASV461	26	26	0.0384615384615385	0	4.80740671595891e-17
ASV1844	32	32	0.03125	0	1.92296268638356e-16
ASV874	1	0.983738753675929	1.01653004546513	0	0
ASV183	1	1	1	0	0
ASV4612	39	39	0.0256410256410256	0	0
ASV2320	46	46	0.0217391304347826	0	1.2403109327174e-14
ASV4598	39	39	0.0256410256410256	0	0
ASV2299	46	46	0.0217391304347826	0	1.26915537301315e-14
ASV898	47	47	0.0212765957446809	0	0.999999999999999
ASV123	1	0.970588235294118	1.03030303030303	0	0
ASV900	47	47	0.0212765957446809	0	0.999999999999999
ASV1901	32	32	0.03125	0	1.44222201478767e-16
ASV2293	46	46	0.0217391304347826	0	1.2403109327174e-14
ASV834	8	8	0.125	0	0
ASV53	1	0.985610760609162	1.01459931239178	0	0
ASV121	1	1	1	0	0
ASV975	47	47	0.0212765957446809	0	0.999999999999999
ASV549	1	0.983738753675929	1.01653004546513	0	0
ASV1828	32	32	0.03125	0	1.92296268638356e-16
ASV1141	2	2	0.5	0	0
ASV939	1	0.985184366143778	1.0150384378451	0	0
ASV1389	39	39	0.0256410256410256	0	0
ASV1817	32	32	0.03125	0	2.40370335797945e-16
ASV251	26	26	0.0384615384615385	0	9.61481343191781e-17
ASV4621	39	39	0.0256410256410256	0	0
ASV890	4	4	0.25	0	0
ASV964	47	47	0.0212765957446809	0	0.999999999999999
ASV142	1	0.971008312455224	0.343285767029625	0	0
ASV271	26	26	0.0384615384615385	0	0
ASV1008	5	5	0.2	0	0
ASV868	47	47	0.0212765957446809	0	0.999999999999999
ASV1895	5	5	0.2	0	0
ASV286	26	26	0.0384615384615385	0	4.80740671595891e-17
ASV3282	16	16	0.0625	0	0
ASV1201	5	5	0.2	0	0
ASV3268	16	16	0.0625	0	0
ASV1710	7	7	0.142857142857143	0	0
ASV866	47	47	0.0212765957446809	0	0.999999999999999
ASV1832	32	32	0.03125	0	2.40370335797945e-16
ASV296	26	26	0.0384615384615385	0	0
ASV278	1	1	1	0	0
ASV369	1	1	1	0	0
ASV852	1	0.971008312455224	1.02985730108887	0	0
ASV1649	5	5	0.2	0	0
ASV1909	1	1	1	0	0
ASV2306	46	46	0.0217391304347826	0	1.24992574614932e-14
ASV981	47	47	0.0212765957446809	0	0.999999999999999
ASV424	1	0.983738753675929	1.01653004546513	0	0
ASV118	1	0.971008312455224	1.02985730108887	0	0
ASV1558	1	0.979795897113271	0.204124145231931	0	0
ASV60	1	1	1	0	0
ASV3283	16	16	0.0625	0	0
ASV841	47	47	0.0212765957446809	0	0.999999999999999
ASV2308	46	46	0.0217391304347826	0	1.23069611928548e-14
ASV994	47	47	0.0212765957446809	0	0.999999999999999
ASV232	1	0.983738753675929	1.01653004546513	0	0
ASV184	1	0.985610760609162	1.01459931239178	0	0
ASV1437	32	32	0.03125	0	1.92296268638356e-16
ASV2607	3	3	0.333333333333333	0	0
ASV39	26	26	0.0384615384615385	0	0
ASV3274	16	16	0.0625	0	0
ASV86	1	0.971008312455224	1.02985730108887	0	0
ASV225	2	2	0.5	0	0
ASV73	1	0.970588235294118	1.03030303030303	0	0
ASV1907	1	1	1	0	0
ASV1065	3	2.97979589711327	0.112885020441285	0	0
ASV899	1	0.983738753675929	1.01653004546513	0	0
ASV849	2	2	0.5	0	0
ASV1081	8	8	0.125	0	0
ASV4614	39	39	0.0256410256410256	0	0
ASV7	1	1	1	0	0
ASV873	47	47	0.0212765957446809	0	1
ASV1845	32	32	0.03125	0	2.40370335797945e-16
ASV392	26	26	0.0384615384615385	0	4.80740671595891e-17
ASV340	1	1	1	0	0
ASV10	1	0.985610760609162	0.203540328459273	0	0
ASV1012	1	0.985610760609162	1.01459931239178	0	0
ASV959	47	47	0.0212765957446809	0	0.999999999999999
ASV1038	47	47	0.0212765957446809	0	1
ASV56	1	0.985610760609162	1.01459931239178	0	0
ASV23	2	1.97122152121832	0.144942758913112	0	0
ASV231	26	26	0.0384615384615385	0	0
ASV2257	46	46	0.0217391304347826	0	1.24992574614932e-14
ASV2269	46	46	0.0217391304347826	0	1.26915537301315e-14
ASV1825	7	7	0.142857142857143	0	0
ASV1930	7	7	0.142857142857143	0	0
ASV1891	32	32	0.03125	0	4.80740671595891e-17
ASV2321	46	46	0.0217391304347826	0	1.26915537301315e-14
ASV864	47	47	0.0212765957446809	0	0.999999999999999
ASV152	1	0.971008312455224	0.343285767029625	0	0
ASV966	47	47	0.0212765957446809	0	0.999999999999999
ASV2386	6	5.87877538267963	0.170103454359943	0	0
ASV1000	47	47	0.0212765957446809	0	0.999999999999999
ASV1530	7	7	0.142857142857143	0	0
ASV2273	46	46	0.0217391304347826	0	1.26915537301315e-14
ASV921	2	2	0.5	0	0
ASV2304	46	46	0.0217391304347826	0	1.23069611928548e-14
ASV2312	46	46	0.0217391304347826	0	1.2403109327174e-14
ASV298	3	2.94180975651244	0.203540328459273	4	0
ASV4605	39	39	0.0256410256410256	0	0
ASV1489	32	32	0.03125	0	0
ASV455	2	2	0.5	0	0
ASV2399	6	5.97979589711327	0.167229787973658	0	0
ASV1052	47	47	0.0212765957446809	0	0.999999999999999
ASV914	47	47	0.0212765957446809	0	0.999999999999999
ASV1819	32	32	0.03125	0	4.80740671595891e-17
ASV96	2	1.97122152121832	0.145868962257021	0	0
ASV54	1	0.971008312455224	0.128490625350732	0	0
ASV3	3	2.95661907306439	0.204138470720208	1	0
ASV1445	5	5	0.2	0	0
ASV1854	1	1	1	0	0
ASV72	1	0.985610760609162	1.01459931239178	0	0
ASV2910	16	16	0.0625	0	0
ASV25	1	0.971008312455224	0.171642883514812	0	0
ASV1404	10	10	0.1	0	0
ASV1392	7	7	0.142857142857143	0	0
ASV844	5	5	0.2	0	0
ASV1060	47	47	0.0212765957446809	0	0.999999999999999
ASV842	8	8	0.125	0	0
ASV2309	46	46	0.0217391304347826	0	1.25954055958123e-14
ASV1841	32	32	0.03125	0	4.80740671595891e-17
ASV906	47	47	0.0212765957446809	0	0.999999999999998
ASV960	47	47	0.0212765957446809	0	1
ASV273	1	1	1	0	0
ASV3298	16	16	0.0625	0	0
ASV1054	1	1	1	0	0
ASV1830	32	32	0.03125	0	3.36518470117123e-16
ASV1827	10	10	0.1	0	0
ASV3257	16	16	0.0625	0	0
ASV2348	46	46	0.0217391304347826	0	1.26915537301315e-14
ASV4307	39	39	0.0256410256410256	0	0
ASV2284	46	46	0.0217391304347826	0	1.25954055958123e-14
ASV350	1	0.985610760609162	1.01459931239178	0	0
ASV1452	32	32	0.03125	0	4.80740671595891e-17
ASV4623	39	39	0.0256410256410256	0	0
ASV4601	39	39	0.0256410256410256	0	0
ASV1838	32	32	0.03125	0	4.80740671595891e-17
ASV4649	39	39	0.0256410256410256	0	0
ASV2351	46	46	0.0217391304347826	0	1.25954055958123e-14
ASV1928	32	32	0.03125	0	2.88444402957534e-16
ASV997	47	47	0.0212765957446809	0	0.999999999999999
ASV1421	39	39	0.0256410256410256	0	0
ASV1711	46	46	0.0217391304347826	0	1.24992574614932e-14
ASV2550	39	39	0.0256410256410256	0	0
ASV15	26	26	0.0384615384615385	0	0
ASV276	1	0.971008312455224	1.02985730108887	0	0
ASV2259	46	46	0.0217391304347826	0	1.2403109327174e-14
ASV937	1	1	1	0	0
ASV895	47	47	0.0212765957446809	0	0.999999999999999
ASV324	26	26	0.0384615384615385	0	9.61481343191781e-17
ASV432	26	26	0.0384615384615385	0	0
ASV342	1	0.985610760609162	1.01459931239178	0	0
ASV4666	39	39	0.0256410256410256	0	0
ASV1075	47	47	0.0212765957446809	0	0.999999999999999
ASV2301	46	46	0.0217391304347826	0	1.24992574614932e-14
ASV1369	16	16	0.0625	0	0
ASV916	2	2	0.5	0	0
ASV1842	32	32	0.03125	0	9.61481343191781e-17
ASV1881	32	32	0.03125	0	0
ASV1883	32	32	0.03125	0	1.92296268638356e-16
ASV998	47	47	0.0212765957446809	0	0.999999999999999
ASV2266	6	5.97979589711327	0.167229787973658	0	0
ASV438	2	1.95619899590328	0.145895782082948	0	0
ASV1535	1	1	1	0	0
ASV1851	32	32	0.03125	0	2.40370335797945e-16
ASV1073	47	47	0.0212765957446809	0	0.999999999999999
ASV131	1	0.985610760609162	1.01459931239178	0	0
ASV238	26	26	0.0384615384615385	0	4.80740671595891e-17
ASV334	26	26	0.0384615384615385	0	0
ASV3689	39	39	0.0256410256410256	0	0
ASV348	1	0.970588235294118	1.03030303030303	0	0
ASV236	26	26	0.0384615384615385	0	0
ASV2283	46	46	0.0217391304347826	0	1.24992574614932e-14
ASV36	1	0.985610760609162	1.01459931239178	0	0
ASV509	1	0.970588235294118	1.03030303030303	0	0
ASV4597	39	39	0.0256410256410256	0	0
ASV382	1	1	1	0	0
ASV1834	32	32	0.03125	0	2.88444402957534e-16
ASV1387	16	16	0.0625	0	0
ASV2254	6	5.97979589711327	0.167229787973658	0	0
ASV212	26	26	0.0384615384615385	0	0
ASV1395	10	10	0.1	0	0
ASV1125	1	1	1	0	0
ASV884	1	0.970588235294118	1.03030303030303	0	0
ASV3261	1	1	1	0	0
ASV4656	39	39	0.0256410256410256	0	0
ASV2347	46	46	0.0217391304347826	0	1.24992574614932e-14
ASV970	8	8	0.125	0	1.20185167898973e-17
ASV76	1	0.985610760609162	1.01459931239178	0	0
ASV993	47	47	0.0212765957446809	0	0.999999999999999
ASV220	1	1	1	0	0
ASV2343	46	46	0.0217391304347826	0	1.26915537301315e-14
ASV329	1	1	1	0	0
ASV808	2	2	0.5	0	0
ASV1402	32	32	0.03125	0	3.36518470117123e-16
ASV3250	3	3	0.333333333333333	0	0
ASV911	4	4	0.25	0	0
ASV1367	7	7	0.142857142857143	0	0
ASV919	47	47	0.0212765957446809	0	0.999999999999999
ASV2567	16	16	0.0625	0	0
ASV977	47	47	0.0212765957446809	0	0.999999999999999
ASV101	2	1.94201662491045	0.257464325272219	2	0
ASV936	1	0.970588235294118	1.03030303030303	0	0
ASV3260	16	16	0.0625	0	0
ASV281	1	1	1	0	0
ASV2282	46	46	0.0217391304347826	0	1.25954055958123e-14
ASV1410	32	32	0.03125	0	1.92296268638356e-16
ASV943	47	47	0.0212765957446809	0	1
ASV1416	32	32	0.03125	0	4.80740671595891e-17
ASV226	1	0.971008312455224	0.171642883514812	0	0
ASV1840	5	5	0.2	0	0
ASV2352	46	46	0.0217391304347826	0	1.26915537301315e-14
ASV185	26	26	0.0384615384615385	0	4.80740671595891e-17
ASV2297	46	46	0.0217391304347826	0	1.26915537301315e-14
ASV3254	3	3	0.333333333333333	0	0
ASV2368	46	46	0.0217391304347826	0	1.24992574614932e-14
ASV2294	46	46	0.0217391304347826	0	1.25954055958123e-14
ASV372	2	1.94201662491045	0.257464325272219	2	0
ASV119	1	1	1	0	0
ASV859	47	47	0.0212765957446809	0	0.999999999999999
ASV2350	46	46	0.0217391304347826	0	1.2403109327174e-14
ASV1863	32	32	0.03125	0	4.80740671595891e-17
ASV1718	2	1.97979589711327	0.253846556458091	0	0
ASV2608	39	39	0.0256410256410256	0	0
ASV991	47	47	0.0212765957446809	0	0.999999999999999
ASV731	1	0.983738753675929	1.01653004546513	0	0
ASV976	47	47	0.0212765957446809	0	0.999999999999999
ASV2279	2	1.97979589711327	0.253846556458091	0	0
ASV4594	39	39	0.0256410256410256	0	0
ASV584	1	1	1	0	0
ASV452	2	1.95619899590328	0.255597718354376	0	0
ASV2930	39	39	0.0256410256410256	0	0
ASV196	2	1.97122152121832	0.507299656195892	0	0
ASV40	1	0.971008312455224	1.02985730108887	0	0
ASV1856	10	10	0.1	0	0
ASV474	1	0.971008312455224	1.02985730108887	0	0
ASV16	1	0.985610760609162	1.01459931239178	0	0
ASV2646	39	39	0.0256410256410256	0	0
ASV292	26	26	0.0384615384615385	0	0
ASV741	47	47	0.0212765957446809	0	0.999999999999999
ASV2	26	26	0.0384615384615385	0	0
ASV1044	47	47	0.0212765957446809	0	0.999999999999999
ASV850	5	5	0.2	0	0
ASV1855	32	32	0.03125	0	2.40370335797945e-16
ASV880	3	2.97979589711327	0.112885020441285	0	0
ASV839	47	47	0.0212765957446809	0	0.999999999999999
ASV1572	39	39	0.0256410256410256	0	0
ASV4625	39	39	0.0256410256410256	0	0
ASV2278	46	46	0.0217391304347826	0	1.24992574614932e-14
ASV1133	3	2.97979589711327	0.112885020441285	0	0
ASV2617	39	39	0.0256410256410256	0	0
ASV437	4	4	0.25	0	0
