node_id	degree	weight_degree	closeness_centrality	betweenness_centrality	eigenvector_centrality
ASV1	1	1	1	0	3.29140637679066e-17
ASV2	1	1	1	0	5.48567729465109e-17
ASV3	1	1	1	0	5.48567729465109e-17
ASV9	2	2	0.5	0	8.77708367144175e-17
ASV19	1	1	1	0	4.38854183572087e-17
ASV15	2	2	0.5	0	6.58281275358131e-17
ASV23	1	1	1	0	5.48567729465109e-17
ASV179	2	2	0.5	0	8.77708367144175e-17
ASV45	2	2	0.5	0	1.09713545893022e-16
ASV86	2	2	0.5	0	8.77708367144175e-17
ASV50	2	2	0.5	0	1.09713545893022e-16
ASV111	1	1	1	0	6.58281275358131e-17
ASV100	2	2	0.5	0	8.77708367144175e-17
ASV81	1	1	1	0	5.48567729465109e-17
ASV153	1	1	1	0	4.38854183572087e-17
ASV80	1	1	1	0	4.38854183572087e-17
ASV118	1	1	1	0	6.58281275358131e-17
ASV99	2	2	0.5	0	1.09713545893022e-16
ASV67	2	2	0.5	0	1.09713545893022e-16
ASV112	1	1	1	0	4.38854183572087e-17
ASV76	2	2	0.5	0	1.09713545893022e-16
ASV218	2	2	0.5	0	6.58281275358131e-17
ASV72	2	2	0.5	0	6.58281275358131e-17
ASV102	1	1	1	0	3.29140637679066e-17
ASV88	1	1	1	0	5.48567729465109e-17
ASV157	1	1	1	0	3.29140637679066e-17
ASV96	1	1	1	0	5.48567729465109e-17
ASV75	1	1	1	0	4.38854183572087e-17
ASV139	1	1	1	0	4.38854183572087e-17
ASV207	1	1	1	0	4.38854183572087e-17
ASV95	2	2	0.5	0	1.09713545893022e-16
ASV151	1	1	1	0	5.48567729465109e-17
ASV5568	7	7	0.142857142857143	0	8.77708367144175e-17
ASV115	1	1	1	0	4.38854183572087e-17
ASV77	2	2	0.5	0	8.77708367144175e-17
ASV132	2	2	0.5	0	1.09713545893022e-16
ASV94	1	1	1	0	4.38854183572087e-17
ASV208	1	1	1	0	4.38854183572087e-17
ASV344	1	1	1	0	4.38854183572087e-17
ASV141	1	1	1	0	4.38854183572087e-17
ASV2373	3	3	0.333333333333333	0	1.31656255071626e-16
ASV379	2	2	0.5	0	1.09713545893022e-16
ASV107	3	3	0.333333333333333	0	1.31656255071626e-16
ASV213	1	1	1	0	3.29140637679066e-17
ASV137	3	3	0.333333333333333	0	1.31656255071626e-16
ASV189	1	1	1	0	4.38854183572087e-17
ASV212	3	3	0.333333333333333	0	1.31656255071626e-16
ASV172	1	1	1	0	3.29140637679066e-17
ASV117	2	2	0.5	0	1.09713545893022e-16
ASV125	1	1	1	0	3.29140637679066e-17
ASV259	2	2	0.5	0	1.09713545893022e-16
ASV311	2	2	0.5	0	8.77708367144175e-17
ASV437	1	1	1	0	3.29140637679066e-17
ASV373	1	1	1	0	2.19427091786044e-17
ASV264	1	1	1	0	3.29140637679066e-17
ASV214	1	1	1	0	3.29140637679066e-17
ASV299	1	1	1	0	4.38854183572087e-17
ASV386	2	2	0.5	0	8.77708367144175e-17
ASV228	1	1	1	0	4.38854183572087e-17
ASV2404	1	1	1	0	5.48567729465109e-17
ASV320	2	2	0.5	0	4.38854183572087e-17
ASV220	2	2	0.5	0	6.58281275358131e-17
ASV263	1	1	1	0	4.38854183572087e-17
ASV297	2	2	0.5	0	8.77708367144175e-17
ASV168	1	1	1	0	3.29140637679066e-17
ASV261	9	9	0.111111111111111	0	1
ASV1114	2	2	0.5	0	8.77708367144175e-17
ASV273	3	3	0.333333333333333	0	1.53598964250231e-16
ASV239	1	1	1	0	4.38854183572087e-17
ASV333	1	1	1	0	5.48567729465109e-17
ASV701	1	1	1	0	3.29140637679066e-17
ASV202	1	1	1	0	6.58281275358131e-17
ASV152	9	9	0.111111111111111	0	0.999999999999999
ASV314	2	2	0.5	0	8.77708367144175e-17
ASV232	2	2	0.5	0	1.09713545893022e-16
ASV2429	9	9	0.111111111111111	0	1
ASV278	4	4	0.25	0	2.19427091786044e-16
ASV350	1	1	1	0	4.38854183572087e-17
ASV183	3	3	0.333333333333333	0	1.31656255071626e-16
ASV2391	1	1	1	0	4.38854183572087e-17
ASV569	2	2	0.5	0	8.77708367144175e-17
ASV358	2	2	0.5	0	1.09713545893022e-16
ASV4813	9	9	0.111111111111111	0	1
ASV300	1	1	1	0	5.48567729465109e-17
ASV266	2	2	0.5	0	8.77708367144175e-17
ASV878	1	1	1	0	4.38854183572087e-17
ASV4079	1	1	1	0	3.29140637679066e-17
ASV483	1	1	1	0	4.38854183572087e-17
ASV438	2	2	0.5	0	8.77708367144175e-17
ASV381	1	1	1	0	4.38854183572087e-17
ASV194	1	1	1	0	4.38854183572087e-17
ASV591	1	1	1	0	3.29140637679066e-17
ASV549	1	1	1	0	3.29140637679066e-17
ASV349	2	2	0.5	0	1.09713545893022e-16
ASV755	2	2	0.5	0	6.58281275358131e-17
ASV3242	2	2	0.5	0	1.09713545893022e-16
ASV455	2	2	0.5	0	8.77708367144175e-17
ASV306	1	1	1	0	3.29140637679066e-17
ASV393	4	4	0.25	0	2.19427091786044e-16
ASV769	7	7	0.142857142857143	0	8.77708367144175e-17
ASV235	1	1	1	0	2.19427091786044e-17
ASV378	1	1	1	0	5.48567729465109e-17
ASV505	2	2	0.5	0	8.77708367144175e-17
ASV4078	4	4	0.25	0	1.31656255071626e-16
ASV527	1	1	1	0	4.38854183572087e-17
ASV440	7	7	0.142857142857143	0	1.75541673428835e-16
ASV834	7	7	0.142857142857143	0	1.75541673428835e-16
ASV718	1	1	1	0	4.38854183572087e-17
ASV369	1	1	1	0	4.38854183572087e-17
ASV456	1	1	1	0	5.48567729465109e-17
ASV295	1	1	1	0	4.38854183572087e-17
ASV711	1	1	1	0	4.38854183572087e-17
ASV341	1	1	1	0	3.29140637679066e-17
ASV609	3	3	0.333333333333333	0	1.31656255071626e-16
ASV2384	1	1	1	0	4.38854183572087e-17
ASV383	1	1	1	0	5.48567729465109e-17
ASV442	1	1	1	0	4.38854183572087e-17
ASV533	1	1	1	0	4.38854183572087e-17
ASV556	1	1	1	0	4.38854183572087e-17
ASV343	1	1	1	0	4.38854183572087e-17
ASV600	1	1	1	0	2.19427091786044e-17
ASV429	2	2	0.5	0	8.77708367144175e-17
ASV536	1	1	1	0	3.29140637679066e-17
ASV803	1	1	1	0	4.38854183572087e-17
ASV1236	1	1	1	0	4.38854183572087e-17
ASV3213	7	7	0.142857142857143	0	8.77708367144175e-17
ASV906	1	1	1	0	3.29140637679066e-17
ASV439	1	1	1	0	5.48567729465109e-17
ASV558	1	1	1	0	5.48567729465109e-17
ASV943	2	2	0.5	0	8.77708367144175e-17
ASV364	1	1	1	0	5.48567729465109e-17
ASV384	1	1	1	0	3.29140637679066e-17
ASV488	1	1	1	0	4.38854183572087e-17
ASV4814	3	3	0.333333333333333	0	1.53598964250231e-16
ASV543	5	5	0.2	0	8.77708367144175e-17
ASV2756	1	1	1	0	6.58281275358131e-17
ASV337	3	3	0.333333333333333	0	1.09713545893022e-16
ASV589	3	3	0.333333333333333	0	1.53598964250231e-16
ASV405	1	1	1	0	3.29140637679066e-17
ASV813	1	1	1	0	2.19427091786044e-17
ASV3223	2	2	0.5	0	8.77708367144175e-17
ASV339	1	1	1	0	4.38854183572087e-17
ASV8750	5	5	0.2	0	1.31656255071626e-16
ASV4815	9	9	0.111111111111111	0	1
ASV669	1	1	1	0	5.48567729465109e-17
ASV597	4	4	0.25	0	1.31656255071626e-16
ASV4821	3	3	0.333333333333333	0	1.09713545893022e-16
ASV4199	1	1	1	0	4.38854183572087e-17
ASV518	1	1	1	0	4.38854183572087e-17
ASV3237	9	9	0.111111111111111	0	1
ASV8748	7	7	0.142857142857143	0	1.75541673428835e-16
ASV997	1	1	1	0	5.48567729465109e-17
ASV516	9	9	0.111111111111111	0	1
ASV570	1	1	1	0	5.48567729465109e-17
ASV801	5	5	0.2	0	1.31656255071626e-16
ASV1305	1	1	1	0	3.29140637679066e-17
ASV7043	1	1	1	0	4.38854183572087e-17
ASV791	1	1	1	0	5.48567729465109e-17
ASV2390	4	4	0.25	0	2.19427091786044e-16
ASV6371	1	1	1	0	4.38854183572087e-17
ASV771	9	9	0.111111111111111	0	1
ASV4822	3	3	0.333333333333333	0	1.31656255071626e-16
ASV2406	1	1	1	0	4.38854183572087e-17
ASV728	1	1	1	0	4.38854183572087e-17
ASV409	1	1	1	0	4.38854183572087e-17
ASV7513	2	2	0.5	0	1.09713545893022e-16
ASV4835	3	3	0.333333333333333	0	1.09713545893022e-16
ASV3295	1	1	1	0	2.19427091786044e-17
ASV1423	1	1	1	0	3.29140637679066e-17
ASV541	3	3	0.333333333333333	0	1.09713545893022e-16
ASV758	3	3	0.333333333333333	0	6.58281275358131e-17
ASV2418	2	2	0.5	0	1.09713545893022e-16
ASV4105	3	3	0.333333333333333	0	1.53598964250231e-16
ASV2465	1	1	1	0	5.48567729465109e-17
ASV6383	1	1	1	0	4.38854183572087e-17
ASV832	1	1	1	0	5.48567729465109e-17
ASV3298	5	5	0.2	0	2.63312510143252e-16
ASV606	1	1	1	0	3.29140637679066e-17
ASV4825	3	3	0.333333333333333	0	1.31656255071626e-16
ASV5594	7	7	0.142857142857143	0	1.75541673428835e-16
ASV1091	2	2	0.5	0	1.09713545893022e-16
ASV6372	1	1	1	0	4.38854183572087e-17
ASV2515	1	1	1	0	3.29140637679066e-17
ASV2637	5	5	0.2	0	1.75541673428835e-16
ASV7512	4	4	0.25	0	1.31656255071626e-16
ASV9261	5	5	0.2	0	4.38854183572087e-17
ASV3256	3	3	0.333333333333333	0	8.77708367144175e-17
ASV4837	1	1	1	0	2.19427091786044e-17
ASV4840	3	3	0.333333333333333	0	1.31656255071626e-16
ASV8769	5	5	0.2	0	2.19427091786044e-16
ASV8749	7	7	0.142857142857143	0	2.63312510143252e-16
ASV2733	3	3	0.333333333333333	0	1.09713545893022e-16
ASV8074	1	1	1	0	4.38854183572087e-17
ASV8062	7	7	0.142857142857143	0	1.75541673428835e-16
ASV7054	1	1	1	0	3.29140637679066e-17
ASV3402	5	5	0.2	0	1.31656255071626e-16
ASV7514	4	4	0.25	0	1.75541673428835e-16
ASV4838	1	1	1	0	4.38854183572087e-17
ASV1595	1	1	1	0	4.38854183572087e-17
ASV9262	5	5	0.2	0	1.31656255071626e-16
ASV4818	9	9	0.111111111111111	0	1
ASV7521	2	2	0.5	0	8.77708367144175e-17
ASV9263	5	5	0.2	0	1.31656255071626e-16
ASV4860	4	4	0.25	0	2.19427091786044e-16
ASV7515	4	4	0.25	0	2.63312510143252e-16
ASV8773	5	5	0.2	0	1.75541673428835e-16
ASV8751	7	7	0.142857142857143	0	1.75541673428835e-16
ASV7516	4	4	0.25	0	1.75541673428835e-16
ASV8065	7	7	0.142857142857143	0	8.77708367144175e-17
ASV8067	7	7	0.142857142857143	0	1.75541673428835e-16
ASV8066	7	7	0.142857142857143	0	1.75541673428835e-16
ASV8754	7	7	0.142857142857143	0	1.75541673428835e-16
ASV4824	9	9	0.111111111111111	0	1
ASV8068	7	7	0.142857142857143	0	8.77708367144175e-17
ASV8069	7	7	0.142857142857143	0	8.77708367144175e-17
ASV9265	5	5	0.2	0	2.19427091786044e-16
