node_id	degree	weight_degree	closeness_centrality	betweenness_centrality	eigenvector_centrality
ASV1046	2	1.97979589711327	0.10185204630041	0	0
ASV3648	46	46	0.0217391304347826	0	0
ASV901	2	1.94117647058824	0.515151515151515	1	0
ASV28	1	1	1	0	0
ASV2614	5	4.95959179422654	0.0677619217375368	0	0
ASV4281	39	39	0.0256410256410256	0	0
ASV2687	3	3	0.333333333333333	0	0
ASV1601	1	0.985610760609162	1.01459931239178	0	0
ASV87	2	1.95661907306439	0.170799199512179	3	0
ASV4001	55	55	0.0181818181818182	0	0.999999999999999
ASV1130	6	6	0.166666666666667	0	0
ASV2927	45	45	0.0222222222222222	0	0
ASV1455	1	1	1	0	0
ASV621	1	0.970588235294118	1.03030303030303	0	0
ASV4016	55	55	0.0181818181818182	0	0.999999999999999
ASV1041	55	55	0.0181818181818182	0	0.999999999999999
ASV1447	43	43	0.0232558139534884	0	5.19259272631902e-16
ASV1383	1	1	1	0	0
ASV125	1	0.985610760609162	1.01459931239178	0	0
ASV2999	45	45	0.0222222222222222	0	5.19259272631902e-17
ASV2591	6	5.95959179422654	0.0724744871391589	0	0
ASV146	1	0.985610760609162	1.01459931239178	0	0
ASV1007	1	0.970588235294118	1.03030303030303	0	0
ASV2903	45	45	0.0222222222222222	0	1.55777781789571e-16
ASV3937	7	7	0.142857142857143	0	0
ASV2555	35	35	0.0285714285714286	0	0
ASV1016	7	6.8585712797929	0.145802960879951	12	0
ASV2046	55	55	0.0181818181818182	0	0.999999999999999
ASV2596	35	35	0.0285714285714286	0	0
ASV1456	6	5.87877538267963	0.170103454359943	8	0
ASV860	35	35	0.0285714285714286	0	0
ASV1480	8	8	0.125	0	0
ASV2952	45	45	0.0222222222222222	0	5.19259272631902e-17
ASV175	2	1.98561076060916	0.50362337867932	0	0
ASV4017	7	7	0.142857142857143	0	0
ASV1440	43	43	0.0232558139534884	0	5.19259272631902e-16
ASV1441	43	43	0.0232558139534884	0	4.15407418105522e-16
ASV2620	35	35	0.0285714285714286	0	0
ASV2934	6	6	0.166666666666667	0	0
ASV4245	39	39	0.0256410256410256	0	0
ASV1820	35	35	0.0285714285714286	0	0
ASV483	6	6	0.166666666666667	0	0
ASV1466	7	7	0.142857142857143	0	0
ASV115	1	0.985610760609162	1.01459931239178	0	0
ASV166	7	7	0.142857142857143	0	0
ASV161	1	0.985184366143778	0.127561219406824	0	0
ASV1424	43	43	0.0232558139534884	0	4.15407418105522e-16
ASV2925	45	45	0.0222222222222222	0	1.0385185452638e-16
ASV559	35	35	0.0285714285714286	0	0
ASV1460	9	8.8585712797929	0.112885020441285	4	0
ASV222	7	7	0.142857142857143	0	0
ASV321	1	0.971008312455224	1.02985730108887	0	0
ASV120	2	1.94201662491045	0.257464325272219	2	0
ASV2643	35	35	0.0285714285714286	0	0
ASV1516	43	43	0.0232558139534884	0	3.63481490842332e-16
ASV566	43	43	0.0232558139534884	0	4.67333345368712e-16
ASV2946	45	45	0.0222222222222222	0	1.0385185452638e-16
ASV61	4	4	0.25	0	0
ASV2566	35	35	0.0285714285714286	0	0
ASV706	1	1	1	0	0
ASV1408	43	43	0.0232558139534884	0	5.71185199895093e-16
ASV3630	46	46	0.0217391304347826	0	0
ASV3955	55	55	0.0181818181818182	0	0.999999999999999
ASV393	39	39	0.0256410256410256	0	0
ASV3265	4	4	0.25	0	0
ASV1407	4	4	0.25	0	0
ASV3951	55	55	0.0181818181818182	0	0.999999999999999
ASV3627	46	46	0.0217391304347826	0	0
ASV1293	7	7	0.142857142857143	0	0
ASV1461	4	3.92720099105423	0.254634280821863	1	0
ASV2996	2	2	0.5	0	0
ASV2959	45	45	0.0222222222222222	0	2.59629636315951e-16
ASV2354	3	3	0.333333333333333	0	0
ASV1476	6	5.93938769133981	0.0846155188193636	0	0
ASV2345	39	39	0.0256410256410256	0	0
ASV3965	55	55	0.0181818181818182	0	1
ASV1411	43	43	0.0232558139534884	0	5.19259272631902e-16
ASV541	35	35	0.0285714285714286	0	0
ASV1967	2	1.96747750735186	0.508265022732564	0	0
ASV3967	55	55	0.0181818181818182	0	0.999999999999999
ASV2592	35	35	0.0285714285714286	0	0
ASV3933	55	55	0.0181818181818182	0	0.999999999999999
ASV4283	39	39	0.0256410256410256	0	0
ASV2341	6	5.95959179422654	0.0724744871391589	0	0
ASV1982	4	4	0.25	0	0
ASV1412	43	43	0.0232558139534884	0	3.63481490842332e-16
ASV475	7	7	0.142857142857143	0	0
ASV147	35	35	0.0285714285714286	0	0
ASV1919	55	55	0.0181818181818182	0	0.999999999999999
ASV925	43	43	0.0232558139534884	0	3.63481490842332e-16
ASV2552	35	35	0.0285714285714286	0	0
ASV3952	55	55	0.0181818181818182	0	0.999999999999999
ASV2922	45	45	0.0222222222222222	0	5.19259272631902e-17
ASV2938	4	3.97979589711327	0.12659863237109	0	0
ASV371	2	1.97122152121832	0.507299656195892	0	0
ASV207	5	4.88298622710068	0.146216247607456	0	0
ASV1507	43	43	0.0232558139534884	0	3.63481490842332e-16
ASV234	4	4	0.25	0	0
ASV69	1	0.971008312455224	0.128257006495529	0	0
ASV1870	46	46	0.0217391304347826	0	0
ASV3626	46	46	0.0217391304347826	0	0
ASV181	1	0.985610760609162	1.01459931239178	0	0
ASV2616	35	35	0.0285714285714286	0	0
ASV3669	46	46	0.0217391304347826	0	0
ASV987	8	8	0.125	0	0
ASV837	8	8	0.125	0	0
ASV3077	4	3.97979589711327	0.12659863237109	0	0
ASV239	2	1.95619899590328	0.511195436708752	1	0
ASV117	4	3.92720099105423	0.254634280821863	1	0
ASV1846	55	55	0.0181818181818182	0	0.999999999999999
ASV4238	39	39	0.0256410256410256	0	0
ASV3956	55	55	0.0181818181818182	0	0.999999999999999
ASV83	1	0.970588235294118	1.03030303030303	0	0
ASV3487	55	55	0.0181818181818182	0	0.999999999999999
ASV3645	46	46	0.0217391304347826	0	0
ASV918	55	55	0.0181818181818182	0	0.999999999999999
ASV2944	45	45	0.0222222222222222	0	5.19259272631902e-17
ASV2598	35	35	0.0285714285714286	0	0
ASV345	2	2	0.5	0	0
ASV2630	2	2	0.5	0	0
ASV341	3	2.96747750735186	0.33698654750458	0.5	0
ASV319	5	5	0.2	0	0
ASV264	55	55	0.0181818181818182	0	0.999999999999999
ASV8	1	1	1	0	0
ASV4023	55	55	0.0181818181818182	0	1
ASV4297	39	39	0.0256410256410256	0	0
ASV612	2	1.98373875367593	0.504098636046188	0	0
ASV430	5	5	0.2	0	0
ASV947	4	3.97979589711327	0.101434576230097	0	0
ASV1366	43	43	0.0232558139534884	0	4.15407418105522e-16
ASV2979	45	45	0.0222222222222222	0	2.07703709052761e-16
ASV2929	45	45	0.0222222222222222	0	3.11555563579141e-16
ASV2633	1	1	1	0	0
ASV1365	2	1.96747750735186	0.254132511366282	0	0
ASV1446	3	2.97979589711327	0.0924371349514566	0	0
ASV3619	46	46	0.0217391304347826	0	0
ASV2622	35	35	0.0285714285714286	0	0
ASV2584	35	35	0.0285714285714286	0	0
ASV1388	43	43	0.0232558139534884	0	3.63481490842332e-16
ASV1462	8	8	0.125	0	0
ASV995	55	55	0.0181818181818182	0	0.999999999999999
ASV4008	55	55	0.0181818181818182	0	0.999999999999998
ASV2461	45	45	0.0222222222222222	0	2.59629636315951e-16
ASV3989	55	55	0.0181818181818182	0	0.999999999999999
ASV250	46	46	0.0217391304347826	0	0
ASV932	3	3	0.333333333333333	0	0
ASV2939	45	45	0.0222222222222222	0	0
ASV2565	5	5	0.2	0	0
ASV4248	39	39	0.0256410256410256	0	0
ASV3686	46	46	0.0217391304347826	0	0
ASV3703	4	4	0.25	0	0
ASV3980	7	7	0.142857142857143	0	0
ASV1364	43	43	0.0232558139534884	0	4.67333345368712e-16
ASV4268	39	39	0.0256410256410256	0	0
ASV2611	35	35	0.0285714285714286	0	0
ASV277	2	2	0.5	0	0
ASV1082	1	0.970588235294118	0.171717171717172	0	0
ASV129	1	1	1	0	0
ASV2990	45	45	0.0222222222222222	0	0
ASV174	46	46	0.0217391304347826	0	0
ASV1429	43	43	0.0232558139534884	0	2.07703709052761e-16
ASV1937	55	55	0.0181818181818182	0	1
ASV3621	46	46	0.0217391304347826	0	0
ASV1459	4	4	0.25	0	0
ASV4261	39	39	0.0256410256410256	0	0
ASV854	1	1	1	0	0
ASV3971	55	55	0.0181818181818182	0	0.999999999999999
ASV65	1	1	1	0	0
ASV2590	35	35	0.0285714285714286	0	0
ASV4	1	1	1	0	0
ASV27	1	1	1	0	0
ASV3624	46	46	0.0217391304347826	0	0
ASV1646	2	2	0.5	0	0
ASV262	1	0.985610760609162	0.338199770797262	0	0
ASV384	1	0.971008312455224	1.02985730108887	0	0
ASV158	2	1.98561076060916	0.50362337867932	0	0
ASV1414	1	1	1	0	0
ASV1091	5	4.93938769133981	0.0782610098809378	0	0
ASV2962	45	45	0.0222222222222222	0	1.55777781789571e-16
ASV3643	46	46	0.0217391304347826	0	0
ASV38	1	1	1	0	0
ASV3974	55	55	0.0181818181818182	0	0.999999999999999
ASV3656	46	46	0.0217391304347826	0	0
ASV448	46	46	0.0217391304347826	0	0
ASV4246	39	39	0.0256410256410256	0	0
ASV1128	2	1.96747750735186	0.508265022732564	0	0
ASV1925	3	3	0.333333333333333	0	0
ASV1262	2	2	0.5	0	0
ASV3945	55	55	0.0181818181818182	0	0.999999999999999
ASV3642	46	46	0.0217391304347826	0	0
ASV2579	4	4	0.25	0	0
ASV1390	7	7	0.142857142857143	0	0
ASV4010	7	7	0.142857142857143	0	0
ASV618	1	0.985610760609162	1.01459931239178	0	0
ASV3946	55	55	0.0181818181818182	0	0.999999999999999
ASV4282	39	39	0.0256410256410256	0	0
ASV2010	6	5.87877538267963	0.170103454359943	8	0
ASV2053	35	35	0.0285714285714286	0	0
ASV2915	45	45	0.0222222222222222	0	5.19259272631902e-17
ASV2597	35	35	0.0285714285714286	0	0
ASV4266	39	39	0.0256410256410256	0	0
ASV3975	55	55	0.0181818181818182	0	0.999999999999999
ASV3625	46	46	0.0217391304347826	0	0
ASV3935	55	55	0.0181818181818182	0	0.999999999999999
ASV1372	6	5.93938769133981	0.0846155188193636	0	0
ASV162	6	5.9274205171216	0.168707449912058	1	0
ASV105	1	0.985610760609162	0.338199770797262	0	0
ASV170	1	1	1	0	0
ASV1393	6	5.93938769133981	0.0846155188193636	0	0
ASV2574	35	35	0.0285714285714286	0	0
ASV3710	3	3	0.333333333333333	0	0
ASV1405	43	43	0.0232558139534884	0	4.67333345368712e-16
ASV461	46	46	0.0217391304347826	0	0
ASV874	1	0.970588235294118	1.03030303030303	0	0
ASV183	1	1	1	0	0
ASV2969	45	45	0.0222222222222222	0	2.07703709052761e-16
ASV2926	45	45	0.0222222222222222	0	2.59629636315951e-16
ASV898	7	7	0.142857142857143	0	0
ASV3639	46	46	0.0217391304347826	0	0
ASV2998	45	45	0.0222222222222222	0	1.55777781789571e-16
ASV1467	7	7	0.142857142857143	0	0
ASV834	5	5	0.2	0	0
ASV53	1	1	1	0	0
ASV121	1	0.971008312455224	1.02985730108887	0	0
ASV2931	45	45	0.0222222222222222	0	2.59629636315951e-16
ASV2945	45	45	0.0222222222222222	0	2.07703709052761e-16
ASV549	45	45	0.0222222222222222	0	1.55777781789571e-16
ASV2626	35	35	0.0285714285714286	0	0
ASV3954	55	55	0.0181818181818182	0	0.999999999999999
ASV3027	45	45	0.0222222222222222	0	1.0385185452638e-16
ASV2932	45	45	0.0222222222222222	0	1.55777781789571e-16
ASV4262	39	39	0.0256410256410256	0	0
ASV939	1	0.985610760609162	0.339926807906679	0	0
ASV1439	43	43	0.0232558139534884	0	3.63481490842332e-16
ASV948	1	0.985610760609162	1.01459931239178	0	0
ASV1203	4	3.97979589711327	0.12659863237109	0	0
ASV2613	35	35	0.0285714285714286	0	0
ASV2693	35	35	0.0285714285714286	0	0
ASV561	45	45	0.0222222222222222	0	1.55777781789571e-16
ASV4019	55	55	0.0181818181818182	0	1
ASV890	3	3	0.333333333333333	0	0
ASV2593	6	5.95959179422654	0.0724744871391589	0	0
ASV142	1	1	1	0	0
ASV3990	55	55	0.0181818181818182	0	0.999999999999999
ASV1482	2	1.97979589711327	0.10185204630041	0	0
ASV1449	7	7	0.142857142857143	0	0
ASV1475	3	2.97979589711327	0.0924371349514566	0	0
ASV407	46	46	0.0217391304347826	0	0
ASV3640	46	46	0.0217391304347826	0	0
ASV1201	3	3	0.333333333333333	0	0
ASV1543	9	8.8585712797929	0.112885020441285	4	0
ASV2057	45	45	0.0222222222222222	0	1.55777781789571e-16
ASV3932	55	55	0.0181818181818182	0	0.999999999999999
ASV1593	4	3.97979589711327	0.12659863237109	0	0
ASV296	5	5	0.2	0	0
ASV3982	55	55	0.0181818181818182	0	1
ASV369	39	39	0.0256410256410256	0	5.19259272631902e-17
ASV852	6	5.9274205171216	0.168707449912058	1	0
ASV2581	35	35	0.0285714285714286	0	0
ASV424	8	8	0.125	0	0
ASV1879	39	39	0.0256410256410256	0	0
ASV1471	4	3.97979589711327	0.12659863237109	0	0
ASV43	2	2	0.5	0	0
ASV3283	3	3	0.333333333333333	0	0
ASV841	43	43	0.0232558139534884	0	3.11555563579141e-16
ASV2585	5	4.95959179422654	0.0677619217375368	0	0
ASV184	1	0.985610760609162	0.113485986213798	0	0
ASV3944	55	55	0.0181818181818182	0	0.999999999999999
ASV4247	39	39	0.0256410256410256	0	0
ASV3646	46	46	0.0217391304347826	0	0
ASV1437	43	43	0.0232558139534884	0	4.67333345368712e-16
ASV383	43	43	0.0232558139534884	0	5.71185199895093e-16
ASV1093	8	8	0.125	0	0
ASV3942	55	55	0.0181818181818182	0	0.999999999999999
ASV3680	46	46	0.0217391304347826	0	0
ASV2980	45	45	0.0222222222222222	0	1.0385185452638e-16
ASV39	35	35	0.0285714285714286	0	0
ASV3999	55	55	0.0181818181818182	0	1
ASV86	1	0.985610760609162	0.338199770797262	0	0
ASV225	1	0.970588235294118	0.171717171717172	0	0
ASV3987	55	55	0.0181818181818182	0	0.999999999999999
ASV1478	5	4.93938769133981	0.0782610098809378	0	0
ASV1474	43	43	0.0232558139534884	0	6.23111127158283e-16
ASV2599	5	5	0.2	0	0
ASV899	5	4.95959179422654	0.0677619217375368	0	0
ASV3661	46	46	0.0217391304347826	0	0
ASV78	2	1.98373875367593	0.504098636046188	0	0
ASV2967	3	3	0.333333333333333	0	0
ASV7	1	0.971008312455224	0.171642883514812	0	0
ASV2595	35	35	0.0285714285714286	0	0
ASV3803	3	3	0.333333333333333	0	0
ASV1845	55	55	0.0181818181818182	0	0.999999999999999
ASV1012	2	1.94201662491045	0.171226252589607	0	0
ASV3652	46	46	0.0217391304347826	0	0
ASV4258	39	39	0.0256410256410256	0	0
ASV3953	55	55	0.0181818181818182	0	0.999999999999999
ASV2257	5	5	0.2	0	0
ASV3013	45	45	0.0222222222222222	0	1.0385185452638e-16
ASV2651	10	9.81816307401944	0.10185204630041	10	0
ASV4257	39	39	0.0256410256410256	0	0
ASV1930	3	3	0.333333333333333	0	0
ASV3632	46	46	0.0217391304347826	0	0
ASV3649	46	46	0.0217391304347826	0	0
ASV11	5	4.94244304243665	0.144641093126934	0	0
ASV864	43	43	0.0232558139534884	0	4.15407418105522e-16
ASV152	3	2.95597949289672	0.203575926308688	0	0
ASV1523	43	43	0.0232558139534884	0	4.67333345368712e-16
ASV2600	35	35	0.0285714285714286	0	0
ASV2386	35	35	0.0285714285714286	0	0
ASV1530	3	2.96747750735186	0.33698654750458	0.5	0
ASV2802	2	2	0.5	0	0
ASV2273	39	39	0.0256410256410256	0	0
ASV921	2	1.96747750735186	0.508265022732564	1	0
ASV389	39	39	0.0256410256410256	0	0
ASV2961	45	45	0.0222222222222222	0	0
ASV298	1	0.970588235294118	1.03030303030303	0	0
ASV1498	43	43	0.0232558139534884	0	5.71185199895093e-16
ASV3644	46	46	0.0217391304347826	0	0
ASV4249	39	39	0.0256410256410256	0	0
ASV455	1	0.983738753675929	1.01653004546513	0	0
ASV3972	55	55	0.0181818181818182	0	0.999999999999999
ASV2563	35	35	0.0285714285714286	0	0
ASV3949	55	55	0.0181818181818182	0	0.999999999999999
ASV320	3	2.95683228182749	0.11292449888569	0	0
ASV2906	2	2	0.5	0	0
ASV365	43	43	0.0232558139534884	0	4.15407418105522e-16
ASV1031	5	5	0.2	0	0
ASV3998	55	55	0.0181818181818182	0	1
ASV4324	39	39	0.0256410256410256	0	0
ASV2943	45	45	0.0222222222222222	0	1.0385185452638e-16
ASV2968	45	45	0.0222222222222222	0	3.11555563579141e-16
ASV1378	43	43	0.0232558139534884	0	5.71185199895093e-16
ASV2627	35	35	0.0285714285714286	0	0
ASV1819	55	55	0.0181818181818182	0	0.999999999999999
ASV54	2	1.94117647058824	0.257575757575758	2	0
ASV3	1	0.985610760609162	1.01459931239178	0	0
ASV1463	9	8.8585712797929	0.112885020441285	4	0
ASV1445	1	0.970588235294118	0.343434343434343	0	0
ASV4240	39	39	0.0256410256410256	0	0
ASV363	1	0.985610760609162	1.01459931239178	0	0
ASV1854	1	0.983738753675929	0.338843348488376	0	0
ASV1448	43	43	0.0232558139534884	0	5.19259272631902e-16
ASV2966	45	45	0.0222222222222222	0	0
ASV72	1	0.985610760609162	1.01459931239178	0	0
ASV2910	4	3.97979589711327	0.12659863237109	0	0
ASV2993	45	45	0.0222222222222222	0	1.55777781789571e-16
ASV25	1	0.985610760609162	1.01459931239178	0	0
ASV2982	45	45	0.0222222222222222	0	1.0385185452638e-16
ASV1392	1	1	1	0	0
ASV3973	55	55	0.0181818181818182	0	0.999999999999999
ASV3700	46	46	0.0217391304347826	0	0
ASV2309	39	39	0.0256410256410256	0	0
ASV2609	2	2	0.5	0	0
ASV3121	3	3	0.333333333333333	0	0
ASV1371	1	1	1	0	0
ASV1917	1	1	1	0	0
ASV960	55	55	0.0181818181818182	0	0.999999999999999
ASV273	2	1.94201662491045	0.257464325272219	2	0
ASV3298	46	46	0.0217391304347826	0	0
ASV3969	55	55	0.0181818181818182	0	1
ASV2953	5	5	0.2	0	0
ASV3257	39	39	0.0256410256410256	0	0
ASV1422	43	43	0.0232558139534884	0	6.75037054421473e-16
ASV2635	4	4	0.25	0	0
ASV1452	8	8	0.125	0	0
ASV3376	55	55	0.0181818181818182	0	1
ASV149	1	0.970588235294118	1.03030303030303	0	0
ASV3690	46	46	0.0217391304347826	0	0
ASV4243	39	39	0.0256410256410256	0	0
ASV2650	35	35	0.0285714285714286	0	0
ASV59	1	1	1	0	0
ASV50	1	1	1	0	0
ASV1438	2	1.97979589711327	0.10185204630041	0	0
ASV201	1	0.970588235294118	1.03030303030303	0	0
ASV2589	1	0.983738753675929	1.01653004546513	0	0
ASV997	7	7	0.142857142857143	0	0
ASV1413	43	43	0.0232558139534884	0	5.71185199895093e-16
ASV1421	4	4	0.25	0	0
ASV1711	8	8	0.125	0	0
ASV2550	3	3	0.333333333333333	0	0
ASV3633	2	2	0.5	0	0
ASV276	1	0.971008312455224	0.171642883514812	0	0
ASV1432	43	43	0.0232558139534884	0	6.75037054421473e-16
ASV2259	7	7	0.142857142857143	0	0
ASV937	6	5.93938769133981	0.0846155188193636	0	0
ASV1867	55	55	0.0181818181818182	0	1
ASV2948	2	1.97979589711327	0.10185204630041	0	0
ASV253	1	0.985610760609162	1.01459931239178	0	0
ASV895	45	45	0.0222222222222222	0	5.19259272631902e-17
ASV1370	43	43	0.0232558139534884	0	5.71185199895093e-16
ASV2271	39	39	0.0256410256410256	0	5.19259272631902e-17
ASV2950	45	45	0.0222222222222222	0	5.19259272631902e-17
ASV3655	46	46	0.0217391304347826	0	0
ASV3678	46	46	0.0217391304347826	0	0
ASV405	6	5.9274205171216	0.168707449912058	1	0
ASV342	2	1.98373875367593	0.504098636046188	0	0
ASV3985	55	55	0.0181818181818182	0	0.999999999999999
ASV1430	43	43	0.0232558139534884	0	4.67333345368712e-16
ASV1369	1	1	1	0	0
ASV2648	6	5.95959179422654	0.0724744871391589	0	0
ASV3993	55	55	0.0181818181818182	0	0.999999999999999
ASV243	1	1	1	0	0
ASV2776	5	4.95959179422654	0.0677619217375368	0	0
ASV1055	43	43	0.0232558139534884	0	4.15407418105522e-16
ASV3673	46	46	0.0217391304347826	0	5.19259272631902e-17
ASV280	2	2	0.5	0	0
ASV1842	55	55	0.0181818181818182	0	1
ASV1881	55	55	0.0181818181818182	0	0.999999999999999
ASV441	1	0.970588235294118	0.343434343434343	0	0
ASV2266	46	46	0.0217391304347826	0	0
ASV2629	10	9.81816307401944	0.10185204630041	10	0
ASV1155	39	39	0.0256410256410256	0	0
ASV438	2	2	0.5	0	0
ASV1535	1	0.985610760609162	1.01459931239178	0	0
ASV1851	2	2	0.5	0	0
ASV32	5	4.94244304243665	0.144641093126934	0	0
ASV156	1	1	1	0	0
ASV2977	45	45	0.0222222222222222	0	2.07703709052761e-16
ASV131	1	0.985610760609162	1.01459931239178	0	0
ASV238	4	4	0.25	0	0
ASV3622	46	46	0.0217391304347826	0	0
ASV2649	35	35	0.0285714285714286	0	0
ASV1508	4	3.97979589711327	0.12659863237109	0	0
ASV2976	6	6	0.166666666666667	0	0
ASV4328	39	39	0.0256410256410256	0	0
ASV1869	39	39	0.0256410256410256	0	0
ASV336	2	1.97122152121832	0.507299656195892	1	0
ASV3689	46	46	0.0217391304347826	0	0
ASV3683	46	46	0.0217391304347826	0	0
ASV1428	1	1	1	0	0
ASV1104	4	3.97979589711327	0.101434576230097	0	0
ASV3963	55	55	0.0181818181818182	0	0.999999999999999
ASV2557	5	5	0.2	0	0
ASV1014	1	0.971008312455224	1.02985730108887	0	0
ASV236	39	39	0.0256410256410256	0	0
ASV3629	46	46	0.0217391304347826	0	0
ASV36	1	1	1	0	0
ASV509	1	1	1	0	0
ASV4062	7	7	0.142857142857143	0	0
ASV403	2	1.96747750735186	0.254132511366282	0	0
ASV471	6	6	0.166666666666667	0	0
ASV1470	43	43	0.0232558139534884	0	3.63481490842332e-16
ASV1387	43	43	0.0232558139534884	0	4.67333345368712e-16
ASV212	43	43	0.0232558139534884	0	3.11555563579141e-16
ASV1379	43	43	0.0232558139534884	0	4.67333345368712e-16
ASV154	1	0.985610760609162	1.01459931239178	0	0
ASV1395	1	1	1	0	0
ASV4251	39	39	0.0256410256410256	0	0
ASV884	4	4	0.25	0	0
ASV47	6	5.95959179422654	0.0724744871391589	0	0
ASV4244	39	39	0.0256410256410256	0	0
ASV999	3	3	0.333333333333333	0	0
ASV220	1	0.985610760609162	1.01459931239178	0	0
ASV1575	2	1.97122152121832	0.507299656195892	0	0
ASV4269	39	39	0.0256410256410256	0	0
ASV1502	43	43	0.0232558139534884	0	3.63481490842332e-16
ASV329	3	2.97979589711327	0.0924371349514566	0	0
ASV3637	46	46	0.0217391304347826	0	0
ASV1193	4	4	0.25	0	0
ASV1402	8	8	0.125	0	0
ASV1367	2	1.97122152121832	0.507299656195892	1	0
ASV2567	35	35	0.0285714285714286	0	0
ASV3940	55	55	0.0181818181818182	0	0.999999999999999
ASV3983	55	55	0.0181818181818182	0	0.999999999999999
ASV101	1	0.985610760609162	0.338199770797262	0	0
ASV4252	39	39	0.0256410256410256	0	0
ASV2963	45	45	0.0222222222222222	0	0
ASV3395	55	55	0.0181818181818182	0	0.999999999999999
ASV133	2	1.94117647058824	0.257575757575758	2	0
ASV936	45	45	0.0222222222222222	0	1.0385185452638e-16
ASV3947	55	55	0.0181818181818182	0	0.999999999999999
ASV281	39	39	0.0256410256410256	0	0
ASV4237	39	39	0.0256410256410256	0	0
ASV2282	2	1.98373875367593	0.504098636046188	0	0
ASV1504	43	43	0.0232558139534884	0	4.15407418105522e-16
ASV3694	46	46	0.0217391304347826	0	0
ASV3701	46	46	0.0217391304347826	0	0
ASV4255	39	39	0.0256410256410256	0	0
ASV1396	43	43	0.0232558139534884	0	4.67333345368712e-16
ASV1450	43	43	0.0232558139534884	0	3.63481490842332e-16
ASV1410	43	43	0.0232558139534884	0	5.71185199895093e-16
ASV943	2	2	0.5	0	0
ASV1416	1	1	1	0	0
ASV226	2	2	0.5	0	0
ASV1840	46	46	0.0217391304347826	0	0
ASV2352	45	45	0.0222222222222222	0	5.19259272631902e-17
ASV3641	46	46	0.0217391304347826	0	0
ASV110	3	2.92762738551961	0.205353820085852	0	0
ASV2297	3	3	0.333333333333333	0	0
ASV2911	45	45	0.0222222222222222	0	5.19259272631902e-17
ASV505	1	0.970588235294118	0.341671573984175	0	0
ASV3254	39	39	0.0256410256410256	0	0
ASV3730	3	3	0.333333333333333	0	0
ASV1394	4	4	0.25	0	0
ASV372	1	1	1	0	0
ASV119	2	1.98561076060916	0.50362337867932	0	0
ASV3636	46	46	0.0217391304347826	0	0
ASV2608	35	35	0.0285714285714286	0	0
ASV2632	35	35	0.0285714285714286	0	0
ASV631	2	2	0.5	0	0
ASV1409	43	43	0.0232558139534884	0	5.19259272631902e-16
ASV2974	6	6	0.166666666666667	0	0
ASV52	1	1	1	0	0
ASV3073	6	6	0.166666666666667	0	0
ASV593	1	0.970588235294118	1.03030303030303	0	0
ASV173	2	1.98561076060916	0.50362337867932	0	0
ASV3002	45	45	0.0222222222222222	0	2.59629636315951e-16
ASV2279	2	2	0.5	0	0
ASV1028	4	3.97979589711327	0.101434576230097	0	0
ASV354	4	4	0.25	0	0
ASV2924	45	45	0.0222222222222222	0	1.0385185452638e-16
ASV2930	5	5	0.2	0	0
ASV416	3	2.92720099105423	0.204757748416448	5	0
ASV1856	1	0.983738753675929	0.338843348488376	0	0
ASV474	4	3.97979589711327	0.101434576230097	0	0
ASV2646	5	5	0.2	0	0
ASV2904	45	45	0.0222222222222222	0	2.07703709052761e-16
ASV2	4	3.97979589711327	0.12659863237109	0	0
ASV2940	45	45	0.0222222222222222	0	2.59629636315951e-16
ASV839	46	46	0.0217391304347826	0	0
ASV1572	5	4.93938769133981	0.0782610098809378	0	0
ASV2918	45	45	0.0222222222222222	0	5.19259272631902e-17
ASV1458	43	43	0.0232558139534884	0	5.71185199895093e-16
