	LYL7	LYL8	LYL9	LYL10	LYL11	LYL12
ASV723	0	0	0	0	0	0
ASV1532	0	0.00071623	0	0	0	0
ASV1349	0	0	0	0	0	0
ASV4334	0	0	0	0	0.000429738	0
ASV1046	0	0	0	0.000859476	0.000572984	0
ASV3519	0	0	0	0	0	0
ASV364	0	0	0	0	0	0
ASV22	0.038676407	0.021916631	0.010027217	0.025927518	0.006589314	0.008594757
ASV1531	0	0.00071623	0	0	0	0
ASV3648	0	0	0	0	0	0.001862197
ASV901	0.001575705	0.001862197	0.000859476	0.001862197	0.001289214	0
ASV28	0.011173184	0.01733276	0.016759777	0.009310987	0.016186793	0.008881249
ASV2832	0.000143246	0	0	0	0	0
ASV2614	0.001145968	0	0	0.003008165	0	0
ASV4281	0	0	0	0	0.001002722	0
ASV515	0	0	0	0	0	0
ASV613	0	0	0	0.000286492	0	0
ASV2687	0.00071623	0	0.000429738	0	0	0
ASV1601	0	0.000286492	0.001002722	0.00071623	0.000572984	0
ASV953	0	0	0.000429738	0.000286492	0.000429738	0.000143246
ASV2886	0.000286492	0	0	0	0	0
ASV1505	0	0.000572984	0	0	0	0
ASV3446	0	0	0	0	0	0
ASV893	0	0	0	0	0	0
ASV87	0.002148689	0.003151411	0.001002722	0.002578427	0.002864919	0.002005443
ASV148	0	0	0	0.000572984	0.002435181	0.002721673
ASV4659	0	0	0	0	0	0
ASV1144	0	0	0	0	0	0
ASV4001	0	0	0.001289214	0	0	0
ASV2403	0	0	0	0	0	0
ASV130	0.002148689	0.002578427	0.003151411	0.003437903	0.001862197	0.004440625
ASV1027	0	0	0	0	0	0
ASV4046	0	0	0.000859476	0	0	0
ASV1228	0	0	0	0	0	0
ASV4616	0	0	0	0	0	0
ASV2807	0.000286492	0	0	0	0	0
ASV2122	0	0	0	0	0	0
ASV1996	0	0	0	0	0	0
ASV4634	0	0	0	0	0	0
ASV3915	0	0	0	0	0	0.000143246
ASV1567	0	0.00071623	0	0	0	0
ASV1237	0	0	0	0	0	0
ASV1130	0	0	0.001289214	0.002005443	0	0
ASV2927	0	0	0	0.001862197	0	0
ASV4686	0	0	0	0	0	0
ASV670	0	0	0	0	0	0
ASV1455	0	0.001002722	0	0.000572984	0.002291935	0
ASV2065	0	0	0	0	0	0
ASV621	0	0.003008165	0	0.000572984	0.00071623	0.001002722
ASV449	0	0	0	0	0	0
ASV1936	0.000286492	0	0	0	0.000429738	0
ASV4577	0	0	0	0	0.000286492	0
ASV2344	0	0	0	0	0	0
ASV1170	0	0	0	0	0	0
ASV2332	0	0	0	0	0	0
ASV4016	0	0	0.00143246	0	0	0
ASV373	0.009310987	0.000143246	0	0	0.001145968	0.001718951
ASV3855	0	0	0	0	0	0.000286492
ASV1041	0	0	0.003581149	0	0	0
ASV1447	0	0.001862197	0	0	0	0
ASV3548	0	0	0	0	0	0
ASV2260	0	0	0	0	0	0
ASV1383	0	0.002578427	0	0.001862197	0.003151411	0
ASV3092	0	0	0	0.000429738	0	0
ASV1707	0	0.000286492	0	0	0	0
ASV3417	0	0	0	0	0	0
ASV163	0.002864919	0	0	0	0	0.003008165
ASV3597	0	0	0	0	0	0
ASV2359	0	0	0	0	0	0
ASV3019	0	0	0	0.000572984	0	0
ASV125	0.001289214	0.001289214	0.000572984	0.001575705	0.002864919	0.007162298
ASV95	0	0	0	0	0	0
ASV4403	0	0	0	0	0.000143246	0
ASV4125	0	0	0.000286492	0	0	0
ASV2999	0	0	0	0.001002722	0	0
ASV2591	0.00143246	0	0	0.001289214	0	0
ASV146	0.003151411	0.002291935	0	0.001002722	0.001862197	0.002864919
ASV4567	0	0	0	0	0.000143246	0
ASV4702	0	0	0	0	0	0
ASV1274	0	0	0	0	0	0
ASV1007	0	0.001145968	0	0.002148689	0.001862197	0.001002722
ASV2903	0	0	0	0.005873084	0	0
ASV1168	0	0	0	0	0	0
ASV318	0	0	0	0	0	0
ASV617	0	0	0	0	0	0
ASV3937	0	0	0.004010887	0	0.001145968	0
ASV3080	0	0	0	0.000286492	0	0
ASV2555	0.00673256	0	0	0	0	0
ASV4136	0	0	0.000429738	0	0	0
ASV421	0	0	0	0	0	0
ASV928	0	0	0	0	0	0
ASV3845	0	0	0	0	0	0.000143246
ASV1016	0.001718951	0.001718951	0	0	0	0
ASV1656	0	0.000286492	0	0	0	0
ASV1354	0	0	0	0	0	0
ASV2328	0	0	0	0	0	0
ASV4233	0	0	0.000143246	0	0	0
ASV2046	0	0	0.001002722	0	0	0
ASV2596	0.001145968	0	0	0	0	0
ASV3263	0	0	0	0	0	0
ASV2548	0	0	0	0	0	0
ASV1279	0	0	0	0	0	0
ASV1186	0	0	0	0	0	0
ASV735	0	0	0	0	0	0
ASV520	0	0	0	0	0	0
ASV1456	0	0.000572984	0	0.000572984	0	0
ASV860	0.002435181	0	0	0	0	0
ASV3208	0	0	0	0.000143246	0	0
ASV1480	0	0.000859476	0	0	0.001145968	0
ASV548	0	0	0	0	0	0
ASV1205	0	0	0	0	0	0
ASV1519	0	0.000572984	0	0.000286492	0	0
ASV2952	0	0	0	0.001575705	0	0
ASV175	0.005013608	0.003581149	0.003724395	0.004870362	0.002005443	0.002578427
ASV2310	0	0	0	0	0	0
ASV4017	0	0	0.000859476	0	0.000429738	0
ASV4566	0	0	0	0	0.000143246	0
ASV3744	0	0	0	0	0	0.000572984
ASV386	0	0	0	0.000572984	0	0
ASV1207	0	0	0	0	0	0
ASV4481	0	0	0	0	0.000286492	0
ASV1177	0	0	0	0	0	0
ASV1285	0	0	0	0	0	0
ASV1440	0	0.001289214	0	0	0	0
ASV1227	0	0	0	0	0	0
ASV270	0	0	0	0	0	0
ASV1441	0	0.00143246	0	0	0	0
ASV4406	0	0	0	0	0.000286492	0
ASV3053	0	0	0	0.00071623	0	0
ASV2637	0.000859476	0	0	0	0	0
ASV1605	0	0.00071623	0	0	0	0
ASV2620	0.00143246	0	0	0	0	0
ASV555	0	0	0	0	0	0
ASV2934	0	0	0.001575705	0.002005443	0	0
ASV4370	0	0	0	0	0.000429738	0
ASV4245	0	0	0	0	0.002435181	0
ASV1968	0	0	0	0	0	0
ASV4352	0	0	0	0	0.000429738	0
ASV1820	0.002864919	0	0	0	0	0
ASV4669	0	0	0	0	0	0
ASV483	0	0	0.000572984	0.001002722	0	0
ASV3063	0	0	0	0.000286492	0	0
ASV1466	0	0.001289214	0	0	0.000572984	0
ASV623	0	0	0	0	0	0
ASV115	0.002435181	0.004010887	0.004154133	0.004010887	0.006446068	0.003437903
ASV3288	0	0	0	0	0	0
ASV2805	0.000429738	0	0	0	0	0
ASV166	0	0.002005443	0	0	0.000572984	0
ASV161	0.003581149	0	0.005586592	0.002148689	0	0.003008165
ASV1424	0	0.002005443	0	0	0	0
ASV3482	0	0	0	0	0	0
ASV2925	0	0	0	0.002291935	0	0
ASV2305	0	0	0	0	0	0
ASV4794	0	0	0	0	0	0
ASV3225	0	0	0	0.000286492	0	0
ASV559	0.001002722	0	0	0	0	0
ASV1460	0	0.00143246	0	0	0	0.00143246
ASV4679	0	0	0	0	0	0
ASV1576	0	0.000572984	0	0	0	0
ASV4216	0	0	0.000286492	0	0	0
ASV2477	0	0	0	0	0	0
ASV4279	0	0	0	0	0.000572984	0
ASV222	0	0.003151411	0	0	0.001289214	0
ASV4643	0	0	0	0	0	0
ASV2806	0.000143246	0	0	0	0	0
ASV2460	0	0	0	0	0	0
ASV1885	0	0	0	0	0	0
ASV4140	0	0	0.000286492	0	0	0
ASV4380	0	0	0	0	0.000286492	0
ASV3285	0	0	0	0	0	0.00071623
ASV1814	0	0.000143246	0	0	0	0
ASV321	0.001289214	0.001289214	0.00071623	0	0	0.005156854
ASV2895	0.000286492	0	0	0	0	0
ASV120	0.003294657	0.003581149	0	0.007162298	0.004010887	0.006446068
ASV2645	0.000859476	0	0	0	0	0
ASV2349	0	0	0	0	0	0
ASV2643	0.001145968	0	0	0	0	0
ASV1516	0	0.001145968	0	0	0	0
ASV445	0	0.001289214	0.001145968	0.001145968	0.000143246	0.001145968
ASV879	0	0	0.002721673	0.001002722	0.001862197	0
ASV4622	0	0	0	0	0	0
ASV1101	0	0	0	0	0	0
ASV1037	0	0	0	0	0	0
ASV346	0	0	0	0	0	0
ASV1991	0	0	0	0	0	0
ASV566	0	0.001289214	0	0	0	0
ASV2946	0	0	0	0.001145968	0	0
ASV4591	0	0	0	0	0	0
ASV4335	0	0	0	0	0.000286492	0
ASV61	0	0	0.013894857	0	0	0.008451511
ASV2468	0	0	0	0	0	0
ASV2537	0	0	0	0	0	0
ASV1587	0	0.000286492	0	0	0	0
ASV1590	0	0.00071623	0	0	0	0
ASV719	0	0.000143246	0	0	0	0
ASV1068	0	0	0	0	0	0
ASV2566	0.003724395	0	0	0	0	0
ASV706	0	0.001718951	0.000143246	0.00143246	0	0
ASV4058	0	0	0.000429738	0	0	0
ASV3043	0	0	0	0.000572984	0	0
ASV3865	0	0	0	0	0	0.000429738
ASV2665	0.000429738	0	0	0	0	0
ASV3341	0	0	0	0	0	0
ASV3089	0	0	0	0.000572984	0	0
ASV2874	0.000286492	0	0	0	0	0
ASV2661	0.000429738	0	0	0	0	0
ASV764	0	0	0	0	0	0
ASV4178	0	0	0.000286492	0	0.000429738	0
ASV1408	0	0.001862197	0	0	0	0
ASV3630	0	0	0	0	0	0.003151411
ASV2451	0	0	0	0	0	0
ASV2032	0	0	0	0	0	0
ASV1271	0	0	0	0	0	0
ASV1780	0	0.000143246	0	0	0	0
ASV3955	0	0	0.002148689	0	0	0
ASV4357	0	0	0	0	0.000286492	0
ASV4033	0	0	0.000286492	0	0	0
ASV2427	0	0	0	0	0	0
ASV393	0	0	0	0	0.001718951	0
ASV3614	0	0	0	0	0	0
ASV3324	0	0	0	0	0	0
ASV1947	0	0	0	0	0	0
ASV1310	0	0	0	0	0	0
ASV3265	0	0	0.003867641	0	0	0.000859476
ASV4226	0	0	0.000143246	0	0	0
ASV677	0	0	0	0	0	0
ASV1407	0	0.001862197	0.001575705	0	0	0
ASV1312	0	0	0	0	0	0
ASV66	0.005873084	0.005013608	0.008451511	0.004010887	0.006302822	0.004583871
ASV3564	0	0	0	0	0	0
ASV3174	0	0	0	0.000143246	0	0
ASV3951	0	0	0.002005443	0	0	0
ASV4590	0	0	0	0	0	0
ASV4452	0	0	0	0	0.000286492	0
ASV3627	0	0	0	0	0	0.004154133
ASV2487	0	0	0.000143246	0	0	0
ASV2381	0	0	0	0	0	0
ASV2542	0	0	0	0	0	0
ASV4144	0	0	0.000286492	0	0	0
ASV2226	0	0	0	0	0	0
ASV4448	0	0	0	0	0.000143246	0
ASV1293	0	0.001289214	0	0	0.000143246	0
ASV3065	0	0	0	0.00071623	0	0
ASV3510	0	0	0	0	0	0
ASV3091	0	0	0	0.000429738	0	0
ASV733	0	0	0	0	0	0
ASV4409	0	0	0	0	0.000143246	0
ASV228	0.003151411	0.002435181	0.001575705	0.004154133	0.003008165	0.002291935
ASV2664	0.000859476	0	0	0	0	0
ASV3440	0	0	0	0	0	0
ASV1461	0	0.001002722	0.000572984	0.000286492	0.001002722	0
ASV2330	0	0	0	0	0	0
ASV303	0	0	0	0	0	0
ASV2996	0	0	0	0.001289214	0	0.000859476
ASV2959	0	0	0	0.00143246	0	0
ASV1660	0.000429738	0.000286492	0	0.000859476	0	0
ASV1796	0	0.000143246	0	0	0	0
ASV1225	0	0	0	0	0.000286492	0
ASV1497	0	0.000859476	0	0	0	0
ASV124	0.00601633	0.004583871	0.003151411	0	0.007592036	0.002291935
ASV2038	0	0	0	0	0	0
ASV1077	0	0	0.000859476	0	0	0
ASV2354	0.00071623	0	0.000286492	0	0	0
ASV1583	0	0.00071623	0	0	0	0
ASV4183	0	0	0.000286492	0	0	0
ASV2475	0	0	0	0	0	0
ASV3161	0	0	0	0.000143246	0	0
ASV1087	0	0	0	0	0	0
ASV1284	0	0	0	0	0	0
ASV547	0	0	0.001289214	0.00143246	0	0.00071623
ASV1476	0	0.001289214	0	0	0	0.000429738
ASV628	0	0	0	0	0	0
ASV550	0	0.000429738	0	0	0	0
ASV4661	0	0	0	0	0	0
ASV3889	0	0	0	0	0	0.000143246
ASV968	0	0	0	0	0	0
ASV492	0	0	0	0	0	0
ASV1853	0	0	0	0	0	0
ASV2345	0	0	0	0	0.00143246	0
ASV1690	0	0.000286492	0	0	0	0
ASV4143	0	0	0.000429738	0	0	0
ASV1791	0	0.000143246	0	0	0	0
ASV3409	0	0	0	0	0	0
ASV1172	0	0.000286492	0	0	0	0
ASV3965	0	0	0.001002722	0	0	0
ASV1411	0	0.002148689	0	0	0	0
ASV2710	0.000572984	0	0	0	0	0
ASV3445	0	0	0	0	0	0
ASV4340	0	0	0	0	0.000429738	0
ASV4432	0	0	0	0	0.000286492	0
ASV541	0.00143246	0	0	0	0	0
ASV1967	0	0	0.000572984	0.001862197	0.000572984	0
ASV1682	0	0.000286492	0	0	0	0
ASV3967	0	0	0.00143246	0	0	0
ASV2592	0.001145968	0	0	0	0	0
ASV922	0	0	0	0	0	0
ASV3933	0	0	0.005013608	0	0	0
ASV1243	0	0	0	0	0	0
ASV4270	0	0	0	0	0.000429738	0
ASV1999	0	0	0	0	0	0
ASV4040	0	0	0.000859476	0	0	0
ASV626	0	0	0	0	0	0
ASV2893	0.000143246	0	0	0	0	0
ASV4343	0	0	0	0	0.000572984	0
ASV3900	0	0	0	0	0	0.000286492
ASV3194	0	0	0	0.000143246	0	0
ASV1147	0	0	0	0	0	0
ASV3148	0	0	0	0.000143246	0	0
ASV795	0	0	0	0	0	0
ASV4283	0	0	0	0	0.001002722	0
ASV1336	0	0	0	0	0	0
ASV558	0	0	0	0	0	0
ASV4379	0	0	0	0	0.000286492	0
ASV726	0	0	0	0	0	0
ASV4648	0	0	0	0	0	0
ASV2341	0.001718951	0	0	0.000572984	0	0
ASV4054	0	0	0.00071623	0	0	0
ASV944	0.001145968	0.000143246	0.00071623	0.002148689	0.000572984	0.000859476
ASV1982	0	0	0.000859476	0	0	0.000286492
ASV3875	0	0	0	0	0.000143246	0
ASV1687	0	0.000429738	0	0	0	0
ASV1412	0	0.002435181	0	0	0	0
ASV803	0	0	0	0	0	0
ASV4186	0	0	0.000286492	0	0	0
ASV475	0	0	0.00071623	0	0.000429738	0
ASV507	0	0	0	0	0	0
ASV2679	0.000572984	0	0	0	0	0
ASV147	0.0053001	0	0	0	0	0
ASV2841	0.000143246	0	0	0	0	0
ASV2765	0.000429738	0	0	0	0	0
ASV4080	0	0	0.000429738	0	0	0
ASV1919	0	0	0.001002722	0	0	0
ASV925	0	0.00143246	0	0	0	0
ASV3709	0	0	0	0	0	0.000572984
ASV3294	0	0	0	0	0	0
ASV2267	0	0	0	0	0	0
ASV2552	0.010313709	0	0	0	0	0
ASV3952	0	0	0.002148689	0	0	0
ASV3748	0	0	0	0	0	0.000572984
ASV4003	0	0	0.00071623	0	0	0
ASV4117	0	0	0.000143246	0	0	0
ASV2371	0	0	0	0	0	0
ASV4348	0	0	0	0	0.000429738	0
ASV1723	0	0.000143246	0	0	0	0
ASV1640	0	0.00071623	0	0	0	0
ASV3496	0	0	0	0	0	0
ASV3697	0	0	0	0	0	0.00071623
ASV1544	0	0.000286492	0	0	0	0
ASV2502	0	0	0	0	0	0
ASV4029	0	0	0.000143246	0	0	0
ASV2922	0	0	0	0.003008165	0	0
ASV1136	0	0	0	0.000572984	0	0
ASV89	0	0.002435181	0.001145968	0	0.000286492	0.005156854
ASV2938	0	0	0	0.001862197	0.002148689	0
ASV3514	0	0	0	0	0	0
ASV2275	0	0	0	0	0	0
ASV371	0	0.002291935	0.000286492	0.000429738	0.000859476	0
ASV439	0	0	0	0	0	0
ASV3672	0	0	0	0	0	0.000572984
ASV207	0.002435181	0.001002722	0.00143246	0.002148689	0.002148689	0.003437903
ASV266	0	0.001718951	0.002435181	0.002864919	0	0
ASV3924	0	0	0	0	0	0.000143246
ASV3143	0	0	0	0.000143246	0	0
ASV4155	0	0	0.000143246	0	0	0
ASV224	0.003437903	0.00673256	0.008451511	0.024351812	0.009024495	0.01131643
ASV2385	0	0	0	0	0	0
ASV861	0	0	0	0	0	0
ASV1507	0	0.001002722	0	0	0	0
ASV234	0	0.001289214	0.001145968	0	0	0
ASV3396	0	0	0	0	0	0
ASV69	0.002721673	0.003581149	0.002291935	0.003008165	0.007878527	0.002578427
ASV1597	0	0.000143246	0	0	0	0
ASV4162	0	0	0.000143246	0	0	0
ASV838	0.008451511	0.006875806	0.008451511	0.013751612	0.008738003	0.011173184
ASV4350	0	0	0	0	0.000143246	0
ASV1870	0	0	0	0	0	0.004583871
ASV2868	0.000143246	0	0	0	0	0
ASV2070	0	0	0	0	0.000143246	0
ASV4678	0	0	0	0	0	0
ASV2285	0	0	0	0	0	0
ASV242	0	0	0	0	0	0
ASV245	0	0	0	0	0	0
ASV525	0	0	0	0	0	0
ASV1090	0	0	0	0	0.000572984	0
ASV4654	0	0	0	0	0	0
ASV3626	0	0	0	0	0	0.003724395
ASV4753	0	0	0	0	0	0
ASV1712	0	0.000286492	0	0	0	0
ASV2474	0	0	0	0	0	0
ASV4131	0	0	0.000143246	0	0	0
ASV2771	0.000429738	0	0	0	0	0
ASV3988	0	0	0.000859476	0	0	0
ASV217	0	0	0	0	0	0
ASV3603	0	0	0	0	0	0
ASV2227	0	0	0	0	0	0
ASV3444	0	0	0	0	0	0
ASV1744	0	0.000143246	0	0	0	0
ASV411	0	0	0	0	0	0
ASV3021	0	0	0	0.000859476	0.000143246	0.00071623
ASV4418	0	0	0	0	0.000143246	0
ASV2760	0.000429738	0	0	0	0	0
ASV663	0	0	0	0	0	0
ASV4768	0	0	0	0	0	0
ASV1191	0	0	0	0	0	0
ASV4449	0	0	0	0	0.000143246	0
ASV181	0.00143246	0.000859476	0	0.001575705	0.002435181	0.003724395
ASV3156	0	0	0	0.000429738	0	0
ASV2262	0.008165019	0	0	0	0.003437903	0.002005443
ASV2384	0	0	0	0	0	0
ASV4391	0	0	0	0	0.000572984	0
ASV3373	0	0	0	0	0	0
ASV2432	0	0	0	0	0	0
ASV1089	0	0	0	0.000286492	0	0
ASV4777	0	0	0	0	0	0
ASV2616	0.00143246	0	0	0	0	0
ASV4600	0	0	0	0	0	0
ASV3669	0	0	0	0	0	0.001575705
ASV2107	0	0	0	0	0	0
ASV987	0	0.000286492	0	0	0.000859476	0
ASV1958	0	0	0	0	0	0
ASV4726	0	0	0	0	0	0
ASV2812	0.000429738	0	0	0	0	0
ASV1785	0	0.000286492	0	0	0	0
ASV837	0	0.005586592	0	0	0.012319152	0
ASV3077	0	0	0	0.000429738	0.001145968	0
ASV2504	0	0	0	0	0	0
ASV2790	0.000286492	0	0	0	0	0
ASV2346	0	0	0	0	0	0
ASV239	0.002291935	0.001289214	0.005013608	0.002148689	0.001289214	0.00071623
ASV117	0.003581149	0	0.00143246	0.001862197	0	0.003581149
ASV725	0	0	0	0	0	0
ASV1846	0	0	0.001718951	0	0	0
ASV615	0	0	0	0	0	0
ASV3698	0	0	0	0	0	0.00071623
ASV4238	0	0	0	0	0.00601633	0
ASV1926	0	0	0	0	0	0
ASV1859	0	0	0	0	0	0
ASV3956	0	0	0.001575705	0	0	0
ASV1222	0	0	0	0	0	0
ASV240	0	0	0	0	0.000143246	0
ASV2644	0.00071623	0	0	0	0	0
ASV792	0	0	0	0	0	0
ASV83	0.005729838	0.009454233	0.007019052	0.010886692	0.009454233	0.008594757
ASV1025	0	0	0	0	0	0
ASV3452	0	0	0	0	0	0
ASV1674	0	0.000286492	0	0	0	0
ASV962	0	0	0	0	0	0
ASV3487	0	0	0.001002722	0	0	0
ASV3645	0	0	0	0	0	0.002148689
ASV918	0	0	0.001862197	0	0	0
ASV2059	0	0	0	0	0	0
ASV2314	0	0	0	0	0	0
ASV3775	0	0	0	0	0	0.000572984
ASV614	0	0.000143246	0	0	0.000429738	0
ASV4095	0	0	0.000429738	0	0	0
ASV1061	0	0	0	0	0	0
ASV2944	0	0	0	0.00143246	0	0
ASV2598	0.001145968	0	0	0	0	0
ASV654	0.000286492	0	0	0	0	0
ASV567	0	0	0	0	0	0
ASV3720	0	0	0	0	0	0.000572984
ASV345	0	0	0	0.000143246	0.005443346	0.001145968
ASV3152	0	0	0	0.000429738	0	0
ASV2630	0.001002722	0	0	0	0.002148689	0
ASV1194	0	0	0	0	0	0
ASV1071	0	0	0	0	0	0
ASV3275	0	0	0	0	0	0
ASV1126	0	0	0	0	0	0
ASV341	0.001002722	0.001002722	0	0	0	0.000143246
ASV4360	0	0	0	0	0.000286492	0
ASV2853	0.000143246	0	0	0	0	0
ASV2698	0.000572984	0	0	0	0	0
ASV319	0	0	0	0.000572984	0	0.001145968
ASV3227	0	0	0	0.000286492	0	0
ASV1992	0	0	0	0	0	0
ASV1767	0	0.000143246	0	0	0	0
ASV2885	0.000286492	0	0	0.000429738	0	0
ASV301	0	0	0	0	0	0
ASV264	0	0	0.001718951	0	0	0
ASV2506	0	0	0	0	0	0
ASV3976	0	0	0.000859476	0	0	0
ASV4778	0	0	0	0	0	0
ASV8	0.012605644	0.016759777	0.020197679	0.012175906	0.019338204	0.014897579
ASV4703	0	0	0	0	0	0
ASV2133	0	0	0	0	0	0
ASV29	0.031227618	0.01203266	0.007592036	0.006589314	0.005729838	0.003867641
ASV695	0	0	0	0	0	0
ASV4023	0	0	0.001002722	0	0	0
ASV4375	0	0	0	0	0.00071623	0
ASV4297	0	0	0	0	0.001002722	0
ASV4645	0	0	0	0	0	0
ASV4852	0	0	0	0	0	0
ASV1693	0	0.000429738	0	0	0	0
ASV1035	0.001718951	0	0.002148689	0.000143246	0.001002722	0.00143246
ASV612	0.001575705	0	0.000429738	0	0.002291935	0
ASV198	0	0	0	0	0	0
ASV430	0	0	0	0.000429738	0	0.00071623
ASV1697	0.00143246	0	0	0.001862197	0.000429738	0
ASV2357	0	0	0	0	0	0
ASV1661	0	0.000143246	0	0	0	0
ASV1975	0	0	0	0	0.00071623	0
ASV947	0.000859476	0.000286492	0	0	0	0
ASV211	0.002148689	0.001002722	0.008881249	0	0.00143246	0.002291935
ASV3779	0	0	0	0	0	0.000429738
ASV3766	0	0	0	0	0	0.000429738
ASV1927	0	0	0	0	0.000859476	0
ASV910	0	0	0.002291935	0.003724395	0.003867641	0
ASV3391	0	0	0	0	0	0
ASV756	0	0	0	0	0	0
ASV1366	0	0.005443346	0	0	0	0
ASV4422	0	0	0	0	0.000572984	0
ASV2979	0	0	0	0.001002722	0	0
ASV268	0	0	0	0	0	0
ASV4609	0	0	0	0	0	0
ASV2929	0	0	0	0.002435181	0	0
ASV1165	0	0	0	0	0	0
ASV2336	0	0	0	0.000429738	0	0
ASV2222	0	0	0	0	0	0
ASV1253	0	0	0	0	0	0
ASV2633	0.001145968	0	0.00143246	0	0	0.000286492
ASV2430	0	0	0	0	0	0
ASV4059	0	0	0.00071623	0	0	0
ASV1365	0.002864919	0.004870362	0	0	0	0.00071623
ASV1446	0.00071623	0.000859476	0	0	0	0
ASV1221	0	0	0	0	0	0
ASV1924	0	0	0	0	0	0
ASV2878	0.000143246	0	0	0	0	0
ASV2224	0	0	0	0	0	0
ASV3909	0	0	0	0	0	0.000143246
ASV589	0.001002722	0	0	0	0	0.000572984
ASV3366	0	0	0	0	0	0
ASV3278	0	0	0	0	0	0
ASV2488	0	0	0	0	0	0
ASV3619	0	0	0	0	0	0.007592036
ASV3750	0	0	0	0	0	0.000429738
ASV1775	0	0.000143246	0	0	0	0
ASV2144	0	0	0	0	0	0
ASV2622	0.001002722	0	0	0	0	0
ASV4812	0	0	0	0	0	0
ASV498	0	0	0.000143246	0	0	0
ASV2584	0.001289214	0	0	0	0	0
ASV4602	0	0	0	0	0	0
ASV3307	0	0	0	0	0	0
ASV3401	0	0	0	0	0	0
ASV1946	0	0	0	0	0	0
ASV2754	0.000286492	0	0	0	0	0
ASV1388	0	0.003294657	0	0	0	0
ASV1913	0	0	0	0.000143246	0	0
ASV4613	0	0	0	0	0	0
ASV3466	0	0	0	0	0.000143246	0
ASV1847	0.000859476	0	0	0.001289214	0	0.001145968
ASV1080	0	0	0	0	0	0
ASV1462	0	0.001002722	0	0	0.001145968	0
ASV2786	0.000286492	0	0	0	0	0
ASV4376	0	0	0	0	0.000572984	0
ASV4416	0	0	0	0	0.000286492	0
ASV995	0	0	0.002005443	0	0	0
ASV4008	0	0	0.001002722	0	0	0
ASV3857	0	0	0	0	0	0.000286492
ASV672	0	0.000286492	0	0	0	0
ASV4047	0	0	0.000429738	0	0	0
ASV2857	0.000286492	0	0	0	0	0
ASV2388	0	0	0	0	0	0
ASV4865	0	0	0	0	0	0
ASV676	0	0	0	0	0	0
ASV3793	0	0	0	0	0	0.000286492
ASV2461	0	0	0	0.001145968	0	0
ASV4101	0	0	0.000143246	0	0	0
ASV3989	0	0	0.001145968	0	0	0
ASV3210	0	0	0	0.000286492	0	0
ASV2071	0	0	0	0	0	0
ASV1190	0	0	0	0	0	0
ASV1884	0	0	0	0	0	0
ASV920	0	0	0	0	0	0
ASV1398	0.00143246	0.002721673	0	0	0.00143246	0.001002722
ASV250	0	0	0	0	0	0.001002722
ASV932	0	0	0	0	0.000429738	0.001289214
ASV4886	0	0	0	0	0	0
ASV2939	0	0	0	0.001718951	0	0
ASV980	0.001575705	0.00071623	0.001289214	0.003581149	0.000572984	0.001862197
ASV2565	0.003724395	0	0	0	0.001575705	0
ASV4337	0	0	0	0	0.000429738	0
ASV4248	0	0	0	0	0.002291935	0
ASV3602	0	0	0	0	0	0
ASV1018	0.000143246	0	0	0	0.000572984	0.002291935
ASV3134	0	0	0	0.000429738	0	0
ASV3686	0	0	0	0	0	0.001002722
ASV3703	0	0	0.001002722	0	0	0.000572984
ASV1653	0	0.000572984	0	0	0	0
ASV31	0.015184071	0.019051712	0.01948145	0.012175906	0.016330039	0.007019052
ASV2510	0	0	0	0	0	0
ASV973	0.000143246	0	0	0	0	0
ASV497	0	0	0	0	0.000572984	0
ASV1566	0	0.000286492	0	0	0	0
ASV4885	0	0	0	0	0	0
ASV709	0	0	0	0	0	0
ASV3980	0	0	0.001002722	0	0.000859476	0
ASV4082	0	0	0.000143246	0	0	0
ASV4731	0	0	0	0	0	0
ASV4089	0	0	0.000572984	0	0	0
ASV4657	0	0	0	0	0	0
ASV4405	0	0	0	0	0.000286492	0
ASV1635	0	0.00071623	0	0	0	0
ASV1880	0	0	0	0	0	0
ASV1980	0	0	0	0	0	0
ASV3457	0	0	0	0	0	0
ASV1364	0	0.004727116	0	0	0	0
ASV3881	0	0	0	0	0	0.000143246
ASV4268	0	0	0	0	0.001575705	0
ASV4219	0	0	0.000143246	0	0	0
ASV2611	0.001002722	0	0	0	0	0
ASV2742	0.000286492	0	0	0	0	0
ASV701	0	0	0	0.000429738	0	0
ASV4440	0	0	0	0	0.000286492	0
ASV277	0.004727116	0.002578427	0.007019052	0.001289214	0.004583871	0.003437903
ASV3104	0	0	0	0.000143246	0	0
ASV1082	0.000572984	0	0.000429738	0.001145968	0.001002722	0
ASV3781	0	0	0	0	0	0.000572984
ASV3269	0	0	0	0	0	0
ASV1906	0	0	0	0	0	0
ASV3297	0	0	0	0	0	0
ASV129	0.002148689	0.005443346	0.002435181	0.006875806	0.009167741	0.004727116
ASV3036	0	0	0	0.000572984	0	0
ASV487	0	0	0	0	0	0
ASV4174	0	0	0.000429738	0	0	0
ASV3824	0	0	0	0	0	0.000286492
ASV2881	0.000143246	0	0	0	0	0
ASV3476	0	0	0	0	0	0
ASV2990	0	0	0	0.001145968	0	0
ASV3313	0	0	0	0	0	0
ASV2096	0	0	0	0	0	0
ASV3399	0	0	0	0	0	0
ASV897	0	0	0	0	0	0
ASV699	0	0	0	0	0	0
ASV652	0	0	0	0	0	0
ASV2083	0	0	0	0	0	0
ASV3165	0	0	0	0.000429738	0	0
ASV4313	0	0	0	0	0.000572984	0
ASV215	0.002721673	0.002721673	0	0.000859476	0	0
ASV1399	0.000859476	0.002721673	0	0.00071623	0	0.000859476
ASV3214	0	0	0	0.000286492	0	0
ASV174	0	0	0	0	0	0.00143246
ASV4105	0	0	0.000286492	0	0	0
ASV2575	0.002291935	0	0	0.001002722	0	0.002435181
ASV1429	0	0.001718951	0	0	0	0
ASV314	0	0.002435181	0	0	0.000429738	0.001575705
ASV3243	0	0	0	0.000286492	0	0
ASV4450	0	0	0	0	0.000286492	0
ASV4690	0	0	0	0	0	0
ASV3430	0	0	0	0	0	0
ASV4697	0	0	0	0	0	0
ASV1937	0	0	0.00143246	0	0	0
ASV3621	0	0	0	0	0	0.006159576
ASV171	0	0.002005443	0	0.003008165	0	0.003724395
ASV521	0	0	0	0	0	0
ASV2739	0.000572984	0	0	0	0	0
ASV2511	0	0	0	0	0	0
ASV1800	0	0	0	0	0	0
ASV563	0	0	0	0	0	0
ASV3664	0	0	0	0	0	0.000286492
ASV481	0	0	0	0	0	0
ASV4303	0	0	0	0	0.00071623	0
ASV3155	0	0	0	0.000286492	0	0
ASV1034	0	0.000143246	0	0	0	0
ASV1459	0	0.001002722	0.00071623	0	0	0
ASV1251	0	0	0	0	0	0
ASV2623	0.000859476	0	0	0	0	0
ASV1878	0	0	0	0	0	0
ASV4261	0	0	0	0	0.001002722	0
ASV2775	0.000429738	0	0	0	0	0
ASV854	0	0	0.003151411	0.002578427	0	0.001862197
ASV2798	0.000143246	0	0	0	0	0
ASV3971	0	0	0.001145968	0	0	0
ASV951	0.000429738	0	0	0	0	0
ASV2813	0.000286492	0	0	0	0	0
ASV4124	0	0	0.000286492	0	0	0
ASV65	0.013035382	0.010313709	0.005586592	0.016473285	0.011746168	0.005013608
ASV4065	0	0	0.000572984	0	0	0
ASV1280	0	0	0	0	0	0
ASV2590	0.001289214	0	0	0	0	0
ASV946	0	0	0	0	0	0
ASV3039	0	0	0	0.00071623	0	0
ASV4	0.023778828	0.016473285	0.019911188	0.028362699	0.031370864	0.043403524
ASV27	0.010600201	0.013608366	0.011459676	0.00673256	0.009454233	0.005156854
ASV560	0	0	0	0	0	0
ASV4791	0	0	0	0	0	0
ASV3494	0	0	0	0	0	0
ASV3624	0	0	0	0	0	0.002721673
ASV3778	0	0	0	0	0	0.000143246
ASV1658	0	0.000572984	0	0	0	0
ASV1646	0	0.000286492	0.001002722	0	0	0
ASV262	0.003724395	0.000859476	0.000572984	0.002435181	0.002291935	0.002864919
ASV384	0	0.000859476	0.000859476	0.001002722	0	0.000429738
ASV260	0	0	0	0	0	0
ASV491	0	0	0	0	0	0
ASV1183	0	0.00071623	0.000143246	0	0	0
ASV158	0.002435181	0	0.002291935	0.002005443	0.001289214	0.010170463
ASV2110	0	0	0	0	0	0
ASV1823	0	0	0	0	0	0
ASV2655	0.00071623	0	0	0	0	0
ASV325	0	0	0	0	0	0
ASV2476	0	0	0	0	0	0
ASV1414	0.00071623	0.002864919	0	0	0.00143246	0
ASV1641	0	0.000286492	0	0	0	0
ASV1302	0	0	0	0	0	0
ASV1316	0	0.000286492	0	0	0	0
ASV4637	0	0	0	0	0	0
ASV2756	0.000143246	0	0	0	0	0
ASV728	0	0	0	0	0	0
ASV4692	0	0	0	0	0	0
ASV3607	0	0	0	0	0	0
ASV4068	0	0	0.000143246	0	0	0
ASV3387	0	0	0	0	0	0
ASV3713	0	0	0	0	0	0.000859476
ASV1001	0	0	0.000572984	0	0	0
ASV836	0.003008165	0.002864919	0.003581149	0.01131643	0.001145968	0
ASV4677	0	0	0	0	0	0
ASV1091	0	0.000429738	0	0	0	0.00071623
ASV2624	0.00071623	0	0	0	0	0
ASV1588	0	0.000572984	0	0	0	0
ASV3408	0	0	0	0	0	0
ASV2962	0	0	0	0.001289214	0	0
ASV1047	0.002578427	0.000429738	0.001145968	0	0.001002722	0.000286492
ASV4673	0	0	0	0	0	0
ASV2856	0.000143246	0	0	0	0	0
ASV3643	0	0	0	0	0	0.001862197
ASV486	0	0	0	0	0	0
ASV1902	0	0	0	0	0	0.000143246
ASV4606	0	0	0	0	0	0
ASV4333	0	0	0	0	0.00071623	0
ASV2452	0	0	0	0	0	0
ASV1029	0	0.000143246	0	0	0	0
ASV1613	0	0.000286492	0	0	0	0
ASV2240	0	0	0	0	0	0
ASV3733	0	0	0	0	0	0.00071623
ASV3475	0	0	0	0	0	0
ASV3314	0	0	0	0	0	0
ASV38	0.012319152	0.027359977	0.017762498	0.007305544	0.008451511	0.006589314
ASV3335	0	0	0	0	0	0
ASV2103	0	0	0	0	0	0
ASV2758	0.000286492	0	0	0	0	0
ASV3974	0	0	0.001145968	0	0	0
ASV3656	0	0	0	0	0	0.001575705
ASV2261	0	0	0	0	0	0
ASV698	0	0	0	0	0	0
ASV448	0	0	0	0	0	0.001575705
ASV4246	0	0	0	0	0.002435181	0
ASV3316	0	0	0	0	0	0
ASV2216	0	0	0	0	0	0
ASV4413	0	0	0	0	0.000143246	0
ASV1128	0.00071623	0	0.000143246	0	0.00071623	0
ASV2736	0.000572984	0	0	0	0	0
ASV1797	0	0.000143246	0	0	0	0
ASV1925	0	0	0	0	0.001575705	0.000859476
ASV4446	0	0	0	0	0.000286492	0
ASV1667	0	0.000429738	0	0	0	0
ASV2379	0	0	0	0	0	0
ASV1262	0	0	0	0.000286492	0.000859476	0.000429738
ASV2501	0	0	0	0	0	0
ASV4138	0	0	0.000143246	0	0	0
ASV2012	0	0	0	0	0	0
ASV4152	0	0	0.000286492	0	0	0
ASV2131	0	0	0	0	0	0
ASV4298	0	0	0	0	0.000429738	0
ASV3945	0	0	0.002148689	0	0	0
ASV3642	0	0	0	0	0	0.001575705
ASV478	0	0	0	0	0	0
ASV1216	0	0	0	0	0	0
ASV2579	0.001718951	0	0.002721673	0	0	0
ASV1390	0	0.003294657	0	0	0.001145968	0
ASV1728	0	0.000143246	0	0	0	0
ASV1607	0	0.000572984	0	0	0	0
ASV4090	0	0	0.000286492	0	0	0
ASV3801	0	0	0	0	0	0.000143246
ASV4773	0	0	0	0	0	0
ASV3184	0	0	0	0.000143246	0	0
ASV637	0	0	0	0	0	0
ASV4869	0	0	0	0	0	0
ASV4010	0	0	0.000859476	0	0.00071623	0
ASV3842	0	0	0	0	0	0.000143246
ASV3212	0	0	0	0.000286492	0	0
ASV58	0.00673256	0.004297379	0.008451511	0	0.005729838	0
ASV3436	0	0	0	0	0	0
ASV618	0.000859476	0.00143246	0.00071623	0.00744879	0.000429738	0.00071623
ASV4867	0	0	0	0	0	0
ASV3946	0	0	0.001718951	0	0	0
ASV2361	0	0	0	0	0	0
ASV4282	0	0	0	0	0.001145968	0
ASV2010	0	0	0	0.000572984	0.000572984	0
ASV2053	0.001289214	0	0	0	0	0
ASV2915	0	0	0	0.003437903	0	0
ASV1994	0	0	0	0	0	0
ASV4761	0	0	0	0	0	0
ASV1092	0.000859476	0.000286492	0	0	0.000572984	0
ASV2597	0.001289214	0	0	0	0	0
ASV3258	0	0	0	0	0	0
ASV4266	0	0	0	0	0.001575705	0
ASV2098	0	0	0	0	0	0
ASV3150	0	0	0	0.000143246	0	0
ASV3975	0	0	0.001002722	0	0	0
ASV940	0	0.002291935	0.00071623	0	0.001289214	0.000859476
ASV3625	0	0	0	0	0	0.004010887
ASV3935	0	0	0.004583871	0	0	0
ASV801	0	0	0	0	0	0
ASV2156	0	0	0	0	0	0
ASV4891	0	0	0	0	0	0
ASV1733	0	0.000286492	0	0	0	0
ASV1009	0	0	0	0	0	0
ASV1372	0	0.003151411	0	0	0	0.00071623
ASV162	0	0.006875806	0.006446068	0.002435181	0.004870362	0
ASV105	0.005586592	0.007305544	0.008594757	0.006159576	0.006875806	0.004010887
ASV1610	0	0.000286492	0	0	0	0
ASV3266	0	0	0	0	0	0
ASV4548	0	0	0	0	0.000143246	0
ASV1743	0	0.000286492	0	0	0	0
ASV170	0	0.002148689	0.004297379	0.006875806	0.003867641	0.010743446
ASV4317	0	0	0	0	0.000429738	0
ASV2111	0	0	0	0	0	0
ASV3742	0	0	0	0	0	0.000429738
ASV2436	0	0	0	0	0	0
ASV368	0	0	0	0	0	0
ASV370	0.000429738	0	0	0	0	0
ASV1393	0	0.003437903	0	0	0	0.001575705
ASV2574	0.002291935	0	0	0	0	0
ASV176	0.002148689	0.001145968	0.003008165	0.00673256	0.003724395	0.007592036
ASV694	0	0	0	0	0	0
ASV1150	0	0	0	0	0	0
ASV457	0	0	0	0	0	0
ASV1921	0	0	0	0	0	0
ASV2422	0	0	0	0	0	0
ASV3188	0	0	0	0.000143246	0	0
ASV3710	0	0	0	0	0.001002722	0.000572984
ASV797	0	0	0	0	0	0
ASV1405	0	0.002864919	0	0	0	0
ASV1152	0	0	0	0	0	0
ASV461	0	0	0	0	0	0.002005443
ASV2394	0	0	0	0	0	0
ASV4842	0	0	0	0	0	0
ASV639	0	0	0	0	0	0
ASV1299	0	0	0	0	0	0
ASV1844	0	0	0	0	0	0
ASV1278	0	0	0	0	0	0
ASV1586	0	0.000572984	0	0	0	0
ASV874	0.004297379	0	0.002435181	0.001862197	0.001145968	0
ASV397	0	0	0	0	0	0
ASV1704	0	0.000286492	0	0	0	0
ASV183	0.002005443	0.004010887	0.004727116	0	0.002864919	0.012605644
ASV4612	0	0	0	0	0	0
ASV2320	0	0	0	0	0	0
ASV4078	0	0	0.000429738	0	0	0
ASV2969	0	0	0	0.001002722	0	0
ASV3303	0	0	0	0	0	0
ASV1273	0.00071623	0	0	0	0	0
ASV2662	0.000572984	0	0	0	0	0
ASV3729	0	0	0	0	0	0.000143246
ASV1555	0	0.00071623	0	0	0	0
ASV4675	0	0	0	0	0	0
ASV2005	0	0	0	0	0	0
ASV4598	0	0	0	0	0	0
ASV1998	0	0	0	0	0	0
ASV1816	0	0	0	0	0	0
ASV2926	0	0	0	0.002435181	0	0
ASV2299	0	0	0	0	0	0
ASV898	0	0	0.001862197	0	0.001002722	0
ASV2761	0.000429738	0	0	0	0	0
ASV123	0.002721673	0	0.005443346	0.001289214	0	0.005873084
ASV900	0	0	0	0	0	0
ASV2991	0	0	0	0.000859476	0	0
ASV3639	0	0	0	0	0	0.002435181
ASV2998	0	0	0	0.001002722	0	0
ASV3238	0	0	0	0.000286492	0	0
ASV2767	0.000429738	0	0	0	0	0
ASV1901	0	0	0	0	0	0
ASV284	0.003151411	0.002005443	0.000429738	0.000859476	0.000572984	0.002291935
ASV1899	0	0	0.001145968	0	0.00071623	0.000429738
ASV4860	0	0	0	0	0	0
ASV1467	0	0.001002722	0	0	0.00071623	0
ASV2293	0	0	0	0	0	0
ASV834	0	0	0	0.00601633	0	0.014038103
ASV3389	0	0	0	0	0	0
ASV4309	0	0	0	0	0.000429738	0
ASV4835	0	0	0	0	0	0
ASV2719	0.000286492	0	0	0	0	0
ASV4358	0	0	0	0	0.000572984	0
ASV789	0	0	0	0	0	0
ASV3957	0	0	0.000859476	0	0	0
ASV53	0.010313709	0.004297379	0.00744879	0.014754333	0.008165019	0.015184071
ASV121	0.00601633	0.005586592	0.004727116	0.003151411	0.003724395	0.00673256
ASV4053	0	0	0.00071623	0	0	0
ASV2861	0.000143246	0	0	0	0	0
ASV4755	0	0	0	0	0	0
ASV4685	0	0	0	0	0	0
ASV2716	0.000572984	0	0	0	0	0
ASV2898	0.000143246	0	0	0	0	0
ASV4087	0	0	0.000143246	0	0	0
ASV2774	0.000572984	0	0	0	0	0
ASV3923	0	0	0	0	0	0.000143246
ASV4148	0	0	0.000286492	0	0	0
ASV2855	0.000286492	0	0	0	0	0
ASV692	0	0	0	0	0	0
ASV975	0	0	0	0	0	0
ASV4163	0	0	0.000143246	0	0	0
ASV4310	0	0	0	0	0.000572984	0
ASV1355	0	0	0	0	0	0
ASV4050	0	0	0.000572984	0	0	0
ASV2931	0	0	0	0.002578427	0	0
ASV4189	0	0	0.000429738	0	0	0
ASV4662	0	0	0	0	0	0
ASV4428	0	0	0	0	0.000429738	0
ASV2945	0	0	0	0.001862197	0	0
ASV4729	0	0	0	0	0	0
ASV549	0	0	0	0.001289214	0	0
ASV2626	0.001289214	0	0	0	0	0
ASV3081	0	0	0	0.000286492	0	0
ASV4818	0	0	0	0	0	0
ASV1828	0	0	0	0	0	0
ASV4681	0	0	0	0	0	0
ASV3954	0	0	0.001575705	0	0	0
ASV3027	0	0	0	0.001002722	0	0
ASV2889	0.000286492	0	0	0	0	0
ASV3159	0	0	0	0.000286492	0	0
ASV1703	0	0.000143246	0	0.000859476	0	0.000429738
ASV1141	0.003581149	0.000572984	0	0	0.000286492	0
ASV2932	0	0	0	0.002005443	0	0
ASV1684	0	0.000429738	0	0	0	0
ASV4262	0	0	0	0	0.001002722	0
ASV939	0.000286492	0.001002722	0.000143246	0.000859476	0.001289214	0.001862197
ASV1439	0	0.00143246	0	0	0	0
ASV2535	0	0	0	0	0	0
ASV136	0.00601633	0.001289214	0.003724395	0.004870362	0.003581149	0.002578427
ASV4000	0	0	0.00071623	0	0	0
ASV1389	0.009454233	0.003151411	0.006302822	0	0.010313709	0
ASV1817	0	0	0	0	0	0
ASV251	0	0	0	0	0	0
ASV1989	0	0	0	0.000143246	0	0
ASV948	0.002005443	0.004440625	0	0.001575705	0.001862197	0.004870362
ASV399	0	0	0.000429738	0.000286492	0	0
ASV1203	0	0	0	0.00071623	0.001145968	0
ASV4621	0	0	0	0	0	0
ASV3774	0	0	0	0	0.000143246	0.000572984
ASV2613	0.001002722	0	0	0	0	0
ASV4741	0	0	0	0	0	0
ASV3348	0	0	0	0	0	0
ASV3745	0	0	0	0	0	0.00071623
ASV3160	0	0	0	0.000286492	0	0
ASV2693	0.001002722	0	0	0	0	0
ASV708	0	0	0	0	0	0
ASV404	0	0	0.000572984	0	0	0
ASV561	0	0	0	0.001718951	0	0
ASV4019	0	0	0.001002722	0	0	0
ASV4052	0	0	0.000429738	0	0	0
ASV4344	0	0	0	0	0.000572984	0
ASV518	0	0	0	0	0	0
ASV2193	0	0	0	0	0	0
ASV4687	0	0	0	0	0	0
ASV2879	0.000143246	0	0	0	0	0
ASV890	0	0	0	0	0.00071623	0.001575705
ASV1630	0	0.000429738	0	0	0	0
ASV3061	0	0	0	0.000572984	0	0
ASV964	0	0	0	0	0	0
ASV2593	0.002291935	0	0	0.00071623	0	0
ASV142	0	0.004010887	0.002721673	0.002864919	0.002435181	0.003008165
ASV271	0	0	0	0	0	0
ASV1008	0	0	0	0	0	0
ASV3990	0	0	0.001002722	0	0	0
ASV1482	0	0.000859476	0	0.000286492	0	0
ASV3687	0	0	0	0	0	0.000286492
ASV868	0	0	0	0	0	0
ASV3204	0	0	0	0.000143246	0	0
ASV2804	0.000429738	0	0	0	0	0
ASV1730	0	0.000286492	0	0	0	0
ASV1449	0	0.001289214	0	0	0.001145968	0
ASV2772	0.000429738	0	0	0	0	0
ASV495	0	0	0	0.001575705	0.001575705	0.000572984
ASV1114	0	0	0	0	0	0
ASV2880	0.000143246	0	0	0	0	0
ASV484	0.000429738	0	0.000286492	0.000286492	0	0.000286492
ASV1475	0.000286492	0.00071623	0	0	0	0
ASV407	0	0	0	0	0	0.001145968
ASV1617	0	0.000572984	0	0	0	0
ASV4689	0	0	0	0	0	0
ASV3640	0	0	0	0	0	0.002291935
ASV2533	0	0	0	0	0	0
ASV3237	0	0	0	0.000143246	0	0
ASV1895	0	0	0.000143246	0	0.000143246	0
ASV3768	0	0	0	0	0	0.000429738
ASV286	0	0	0.001145968	0	0.001575705	0.002148689
ASV606	0	0	0	0	0	0
ASV4783	0	0	0	0	0	0
ASV4827	0	0	0	0	0	0
ASV3282	0	0	0	0	0	0
ASV3424	0	0	0	0	0	0
ASV1201	0	0	0.00143246	0.001145968	0	0
ASV2447	0	0	0	0	0	0
ASV585	0	0	0	0	0	0
ASV3268	0	0	0	0	0	0
ASV4809	0	0	0	0	0	0
ASV4072	0	0	0.000286492	0	0	0
ASV4435	0	0	0	0	0.000286492	0
ASV1543	0	0.00071623	0	0	0	0.00071623
ASV762	0	0	0	0	0	0
ASV1710	0	0.000143246	0	0.000286492	0	0
ASV4508	0	0	0	0	0.000143246	0
ASV866	0	0	0	0	0	0
ASV2057	0	0	0	0.003581149	0	0
ASV1832	0	0	0	0	0	0
ASV1322	0	0	0	0	0	0
ASV1306	0	0	0	0	0	0
ASV4363	0	0	0	0	0.000572984	0
ASV3139	0	0	0	0.000143246	0	0
ASV3932	0	0	0.004583871	0	0	0
ASV2833	0.000286492	0	0	0	0	0
ASV1553	0	0.000572984	0	0	0	0
ASV1593	0	0.000429738	0	0.00071623	0	0
ASV296	0.00143246	0	0	0	0.000572984	0
ASV278	0.004583871	0.001718951	0.004297379	0.002435181	0.002864919	0
ASV4160	0	0	0.000286492	0	0	0
ASV3982	0	0	0.001575705	0	0	0
ASV369	0	0	0	0	0.002005443	0
ASV2883	0.000143246	0	0	0	0	0
ASV852	0	0.012175906	0.011459676	0.00673256	0.007305544	0
ASV1649	0	0.000143246	0	0	0.000859476	0.001862197
ASV2581	0.002864919	0	0	0	0	0
ASV1909	0	0	0.00071623	0	0	0
ASV2306	0	0	0	0	0	0
ASV3716	0	0	0	0	0	0.000572984
ASV3789	0	0	0	0	0	0.000429738
ASV981	0	0	0	0	0	0.000429738
ASV424	0	0.000859476	0	0	0.002435181	0
ASV118	0	0.000286492	0.000572984	0	0.001575705	0.002721673
ASV1879	0	0	0	0	0.00143246	0
ASV2365	0	0	0	0	0	0
ASV3695	0	0	0	0	0	0.000572984
ASV1058	0	0	0	0	0	0
ASV1471	0	0.000859476	0	0.001002722	0	0
ASV571	0	0	0	0	0	0
ASV3907	0	0	0	0	0	0.000143246
ASV1558	0	0.000429738	0.000286492	0	0	0
ASV3738	0	0	0	0	0	0.000572984
ASV2339	0	0	0	0	0	0
ASV1716	0	0.000143246	0	0	0	0
ASV2992	0	0	0	0.00071623	0	0
ASV1934	0	0	0	0	0	0
ASV43	0.008881249	0.003437903	0.009883971	0.001862197	0.00673256	0.006302822
ASV356	0	0	0	0	0	0
ASV4699	0	0	0	0	0	0
ASV60	0.00601633	0	0.002864919	0.006875806	0.005729838	0.001718951
ASV3283	0	0	0	0	0.001575705	0.002148689
ASV1598	0	0.000286492	0	0	0	0
ASV1665	0	0.000429738	0	0	0	0
ASV3245	0	0	0	0.000143246	0	0
ASV1291	0	0	0	0	0	0
ASV4664	0	0	0	0	0	0
ASV4443	0	0	0	0	0.000143246	0
ASV1916	0	0	0	0	0	0
ASV2491	0.000143246	0	0	0	0	0.000286492
ASV4020	0	0	0.00071623	0	0	0
ASV841	0	0.00143246	0	0	0	0
ASV2308	0	0	0	0	0	0
ASV1189	0	0	0	0	0	0
ASV994	0	0	0	0	0	0
ASV3048	0	0	0	0.000286492	0	0
ASV2585	0.001718951	0	0	0.004010887	0	0
ASV4447	0	0	0	0	0.000429738	0
ASV1604	0	0.000286492	0	0	0	0
ASV1552	0	0.00071623	0	0	0	0
ASV232	0.00143246	0.002721673	0	0	0.003294657	0
ASV184	0.002005443	0	0.002578427	0.001718951	0.001718951	0.002435181
ASV4788	0	0	0	0	0	0
ASV1768	0	0.000143246	0	0	0	0
ASV4573	0	0	0	0	0.000286492	0
ASV3944	0	0	0.002578427	0	0	0
ASV4247	0	0	0	0	0.002148689	0
ASV3646	0	0	0	0	0	0.001145968
ASV721	0	0	0	0	0	0
ASV3350	0	0	0	0	0	0
ASV3393	0	0	0	0	0	0
ASV1437	0	0.001289214	0	0	0	0
ASV1123	0	0	0	0	0	0
ASV4570	0	0	0	0	0.000143246	0
ASV4744	0	0	0	0	0	0
ASV383	0	0.001002722	0	0	0	0
ASV447	0	0	0	0	0	0
ASV3028	0	0	0	0.00071623	0	0
ASV4390	0	0	0	0	0.000143246	0
ASV1093	0	0.000143246	0	0	0.001862197	0
ASV2821	0.000286492	0	0.000572984	0.000429738	0	0
ASV3942	0	0	0.002435181	0	0	0
ASV1304	0	0	0	0	0	0
ASV1127	0	0	0	0	0	0
ASV4018	0	0	0.00071623	0	0	0
ASV4528	0	0	0	0	0.000143246	0
ASV3680	0	0	0	0	0	0.001145968
ASV4361	0	0	0	0	0.000572984	0
ASV1185	0	0	0	0	0	0
ASV1734	0	0.000286492	0	0	0	0
ASV4746	0	0	0	0	0	0
ASV2413	0	0	0	0	0	0
ASV1573	0	0.000429738	0	0	0.000286492	0
ASV4665	0	0	0	0	0	0
ASV4576	0	0	0	0	0.000286492	0
ASV4038	0	0	0.000429738	0	0	0
ASV3558	0	0	0	0	0	0
ASV4798	0	0	0	0	0	0
ASV1146	0	0	0	0	0	0
ASV622	0	0	0	0	0	0
ASV830	0	0	0	0	0	0.000286492
ASV3997	0	0	0.000859476	0	0	0
ASV267	0	0.002578427	0.002291935	0.001862197	0.001145968	0.001289214
ASV1628	0	0.000572984	0	0	0	0
ASV2607	0.001145968	0	0.004440625	0	0.002005443	0.001002722
ASV2994	0	0	0	0.000429738	0	0
ASV2980	0	0	0	0.001289214	0	0
ASV39	0.003008165	0	0	0	0	0
ASV3999	0	0	0.00143246	0	0	0
ASV2238	0	0	0	0	0	0
ASV1591	0	0.000286492	0.000286492	0	0	0
ASV3274	0	0	0	0	0	0
ASV1751	0	0.000429738	0	0	0	0
ASV86	0.003581149	0.004870362	0.005443346	0.006446068	0.003867641	0.015613809
ASV1977	0	0	0	0	0	0
ASV3166	0	0	0	0.000286492	0	0
ASV4631	0	0	0	0	0	0
ASV4700	0	0	0	0	0	0
ASV3798	0	0	0	0	0	0.000286492
ASV3754	0	0	0	0	0	0.000572984
ASV225	0.001575705	0	0.002148689	0.002291935	0.003008165	0
ASV4386	0	0	0	0	0.000143246	0
ASV3987	0	0	0.001002722	0	0	0
ASV3205	0	0	0	0.000143246	0	0
ASV73	0.005156854	0.008738003	0.012462398	0.00673256	0.011173184	0.005156854
ASV4421	0	0	0	0	0.000286492	0
ASV4875	0	0	0	0	0	0
ASV675	0	0	0	0	0	0
ASV4715	0	0	0	0	0	0
ASV4701	0	0	0	0	0	0
ASV1325	0	0	0	0	0	0
ASV1769	0	0.000286492	0	0	0	0
ASV1478	0	0.000572984	0	0	0	0.002291935
ASV1474	0	0.001145968	0	0	0	0
ASV4366	0	0	0	0	0.000429738	0
ASV1907	0	0	0	0	0.000286492	0
ASV2599	0.00143246	0	0	0	0.000859476	0
ASV1065	0.00071623	0	0	0	0	0
ASV1106	0	0	0	0	0	0
ASV2701	0.000572984	0	0	0	0	0
ASV3287	0	0	0	0	0	0
ASV3439	0	0	0	0	0	0
ASV358	0	0.00071623	0	0	0	0
ASV899	0.000286492	0	0	0.001145968	0	0
ASV3661	0	0	0	0	0	0.001289214
ASV1621	0	0.000429738	0.000286492	0	0	0
ASV3467	0	0	0	0	0	0
ASV4332	0	0	0	0	0.000572984	0
ASV849	0	0	0	0	0	0
ASV4841	0	0	0	0	0	0
ASV1182	0	0	0	0	0	0
ASV1081	0	0	0	0	0	0
ASV4002	0	0	0.000859476	0	0	0
ASV78	0	0	0.002148689	0.008738003	0.004154133	0
ASV3382	0	0	0	0	0	0
ASV500	0	0	0	0	0	0
ASV2004	0	0	0	0	0	0
ASV4614	0	0	0	0	0	0
ASV2967	0	0	0.001862197	0.00143246	0	0
ASV2204	0	0	0	0	0	0
ASV7	0.026357255	0.026500501	0.036957456	0.021486893	0.022776107	0.013035382
ASV3416	0	0	0	0	0	0
ASV2595	0.001575705	0	0	0	0	0
ASV3601	0	0	0	0	0	0
ASV4415	0	0	0	0	0.000572984	0
ASV873	0	0	0	0	0	0
ASV1608	0	0.000143246	0	0	0	0
ASV2796	0.000429738	0	0	0	0	0
ASV2764	0.000286492	0	0	0	0	0
ASV1931	0	0	0	0	0	0
ASV3711	0	0	0	0	0	0.000859476
ASV3803	0	0	0	0	0.001862197	0.000286492
ASV2094	0	0	0	0	0	0
ASV1705	0	0.000143246	0	0	0.000429738	0
ASV1845	0	0	0.001575705	0	0	0
ASV1803	0	0.000143246	0	0	0	0
ASV4516	0	0	0	0	0.000143246	0
ASV1713	0	0.000286492	0	0	0	0
ASV4091	0	0	0.000143246	0	0	0
ASV392	0	0	0	0	0	0
ASV2815	0.000286492	0	0	0	0	0
ASV1121	0	0	0	0	0	0
ASV3398	0	0	0	0	0	0
ASV340	0	0	0	0	0	0
ASV2126	0	0	0	0	0	0
ASV2865	0.000143246	0	0	0	0	0
ASV4424	0	0	0	0	0.000286492	0
ASV2437	0	0	0	0	0	0
ASV10	0.027216731	0.044549491	0.042544048	0.014467841	0.033806045	0.02334909
ASV2720	0.00071623	0	0	0	0	0
ASV513	0	0	0	0.000143246	0	0
ASV734	0	0	0	0	0	0
ASV3575	0	0	0	0	0	0
ASV1012	0.000286492	0.002291935	0.001002722	0.00071623	0.001718951	0
ASV1062	0	0	0	0.000429738	0	0
ASV959	0	0	0	0	0	0
ASV3787	0	0	0	0	0	0.000429738
ASV1038	0	0	0	0	0	0
ASV450	0	0	0	0	0	0
ASV2178	0	0	0	0	0	0
ASV4191	0	0	0.000143246	0	0	0
ASV56	0.008881249	0.006875806	0.006159576	0.006159576	0.008594757	0.050565822
ASV2003	0	0	0	0	0	0
ASV1257	0	0	0	0	0	0
ASV2104	0	0	0	0	0	0
ASV3652	0	0	0	0	0	0.002291935
ASV23	0.009883971	0.01203266	0.012605644	0.011459676	0.013751612	0.009024495
ASV4258	0	0	0	0	0.00143246	0
ASV231	0	0	0	0	0	0
ASV3953	0	0	0.001718951	0	0	0
ASV655	0	0	0	0	0	0
ASV2257	0.003437903	0	0	0	0.003008165	0
ASV4026	0	0	0.000286492	0	0	0
ASV1910	0	0	0	0	0	0
ASV4752	0	0	0	0	0	0
ASV2412	0	0	0	0	0	0
ASV1596	0	0.000143246	0.000429738	0	0	0
ASV4653	0	0	0	0	0	0
ASV1753	0	0.000429738	0	0	0	0
ASV1331	0	0	0	0	0	0
ASV2269	0	0	0	0	0	0
ASV2372	0	0	0	0	0	0
ASV3013	0	0	0	0.001002722	0	0
ASV3113	0	0	0	0.000429738	0	0
ASV4190	0	0	0.000143246	0	0	0
ASV2651	0.000572984	0	0	0.000572984	0	0
ASV2093	0	0	0	0	0	0
ASV1877	0	0	0	0	0	0
ASV4257	0	0	0	0	0.00143246	0
ASV4353	0	0	0	0	0.000286492	0
ASV3800	0	0	0	0	0	0.000143246
ASV1659	0	0.000286492	0	0	0	0
ASV2656	0.00071623	0	0	0	0	0
ASV1738	0	0.000143246	0	0	0	0
ASV2829	0.000286492	0	0	0	0	0
ASV4088	0	0	0.000572984	0	0	0
ASV732	0	0	0	0	0	0
ASV2018	0.000286492	0	0.000572984	0	0	0
ASV1224	0	0	0	0	0	0
ASV512	0	0	0	0	0	0
ASV2525	0	0	0	0	0	0
ASV1184	0	0	0	0	0	0
ASV1825	0	0	0	0	0	0
ASV4085	0	0	0.000143246	0	0	0
ASV4387	0	0	0	0	0.000286492	0
ASV579	0	0.00071623	0	0	0	0
ASV2528	0	0	0	0	0	0
ASV4176	0	0	0.000286492	0	0	0
ASV349	0	0	0	0	0	0
ASV3187	0	0	0	0.000286492	0	0
ASV422	0	0	0	0	0	0
ASV1930	0	0	0	0	0.001002722	0.001289214
ASV3632	0	0	0	0	0	0.002721673
ASV3809	0	0	0	0	0	0.000286492
ASV4855	0	0	0	0	0	0
ASV3582	0	0	0	0	0	0
ASV2048	0	0	0	0	0	0
ASV1891	0	0	0	0	0	0
ASV3741	0	0	0	0	0	0.000429738
ASV3649	0	0	0	0	0	0.00143246
ASV4113	0	0	0.000429738	0	0	0
ASV2321	0	0	0	0	0	0
ASV1305	0	0	0	0	0	0
ASV2694	0.000572984	0	0	0	0	0
ASV2890	0.000143246	0	0	0	0	0
ASV812	0	0	0	0	0	0
ASV2496	0	0	0	0	0	0
ASV4069	0	0	0.000429738	0	0	0
ASV4321	0	0	0	0	0.000859476	0
ASV11	0.028362699	0.010313709	0.014611087	0.02406532	0.015900301	0.031084372
ASV137	0.008308265	0.001862197	0.004154133	0.003008165	0.005729838	0.006302822
ASV864	0	0.001289214	0	0	0	0
ASV2170	0	0	0	0	0	0
ASV152	0	0.003581149	0.003437903	0.002578427	0.003581149	0.001575705
ASV966	0	0	0	0	0	0
ASV1523	0	0.001002722	0	0	0	0
ASV3203	0	0	0	0.000143246	0	0
ASV1076	0	0	0	0	0	0
ASV1330	0	0	0	0	0	0
ASV1616	0.000286492	0.000143246	0	0	0	0
ASV1134	0	0	0	0	0	0
ASV4806	0	0	0	0	0	0
ASV2600	0.00143246	0	0	0	0	0
ASV2386	0.00143246	0	0	0	0	0
ASV1000	0	0	0	0	0	0
ASV4785	0	0	0	0	0	0
ASV1530	0.00071623	0.00071623	0	0	0	0.000429738
ASV1740	0	0.000143246	0	0	0	0
ASV2802	0.000286492	0	0	0	0.00071623	0
ASV2191	0	0	0	0	0	0
ASV2273	0	0	0	0	0.002148689	0
ASV48	0	0.003581149	0.004870362	0.007305544	0.004010887	0.002578427
ASV1750	0	0.000286492	0	0	0	0
ASV3534	0	0	0	0	0	0
ASV1979	0	0	0	0	0	0
ASV921	0.003151411	0	0.003151411	0.003294657	0	0
ASV389	0	0	0	0	0.001145968	0
ASV2825	0.000143246	0	0	0	0	0
ASV4084	0	0	0.000429738	0	0	0
ASV2961	0	0	0	0.001145968	0	0
ASV221	0	0	0.00071623	0.000286492	0.000143246	0
ASV2304	0	0	0	0	0	0
ASV4192	0	0	0.000286492	0	0	0
ASV3899	0	0	0	0	0	0.000143246
ASV434	0	0	0	0	0	0
ASV1287	0	0	0	0	0	0
ASV4477	0	0	0	0	0.000143246	0
ASV531	0	0	0	0	0	0
ASV4688	0	0	0	0	0	0
ASV2312	0	0	0	0	0	0
ASV298	0.002148689	0.002005443	0.001862197	0.00071623	0.001718951	0.001862197
ASV3122	0	0	0	0.000286492	0	0
ASV697	0	0	0	0	0	0.000429738
ASV431	0	0	0	0	0	0
ASV4605	0	0	0	0	0	0
ASV3145	0	0	0	0.000286492	0	0
ASV1489	0.001002722	0.000429738	0	0.000572984	0.001718951	0
ASV1498	0	0.001002722	0	0	0	0
ASV1589	0	0.000286492	0	0	0	0
ASV4194	0	0	0.000143246	0	0	0
ASV3644	0	0	0	0	0	0.002721673
ASV4544	0	0	0	0	0.000143246	0
ASV4249	0	0	0	0	0.002005443	0
ASV4094	0	0	0.000429738	0	0	0
ASV3414	0	0	0	0	0	0
ASV1652	0	0.000286492	0	0	0	0
ASV3910	0	0	0	0	0	0.000143246
ASV2421	0	0	0	0	0	0
ASV360	0.000286492	0.002005443	0.000429738	0	0	0
ASV1809	0	0.000143246	0	0	0	0
ASV455	0.002864919	0	0.00071623	0	0	0.002435181
ASV4385	0	0	0	0	0.000286492	0
ASV2399	0	0	0	0	0	0
ASV3972	0	0	0.00143246	0	0	0
ASV2563	0.003008165	0	0	0	0	0
ASV4367	0	0	0	0	0.00071623	0
ASV2641	0.000572984	0	0	0	0	0.000143246
ASV1490	0	0.00071623	0	0	0	0
ASV3311	0	0	0	0	0	0
ASV3949	0	0	0.002005443	0	0	0
ASV320	0	0.002291935	0.002005443	0.00143246	0.001718951	0.000859476
ASV3685	0	0	0	0	0	0.000286492
ASV620	0	0	0	0	0	0
ASV1539	0	0.000859476	0	0	0	0
ASV2906	0	0	0	0.004154133	0	0.002864919
ASV365	0	0.001575705	0	0	0	0
ASV1031	0	0	0	0.001002722	0	0.002435181
ASV2084	0	0	0	0	0	0
ASV678	0	0	0	0	0	0
ASV3998	0	0	0.001145968	0	0	0
ASV4324	0	0	0	0	0.001002722	0
ASV2424	0	0	0	0	0	0
ASV1107	0	0	0	0	0	0
ASV2080	0	0	0	0	0	0
ASV2524	0	0	0	0	0	0
ASV1052	0	0	0	0	0	0
ASV3075	0	0	0	0.000572984	0	0
ASV2943	0	0	0	0.00143246	0	0
ASV4028	0	0	0.000859476	0	0	0
ASV1211	0	0	0	0	0	0
ASV3323	0	0	0	0	0	0
ASV2968	0	0	0	0.001002722	0	0
ASV4364	0	0	0	0	0.000572984	0
ASV132	0.004583871	0.001575705	0	0.001145968	0.001718951	0.001002722
ASV1378	0	0.003151411	0	0	0	0
ASV2627	0.001145968	0	0	0	0	0
ASV914	0	0	0	0	0	0
ASV1819	0	0	0.003724395	0	0	0
ASV96	0.008308265	0.004440625	0.003294657	0.006302822	0.005156854	0.002578427
ASV2407	0	0	0	0	0	0
ASV3289	0	0	0	0	0	0
ASV54	0.007019052	0.005586592	0.007019052	0.008021773	0.018621974	0.002005443
ASV4014	0	0	0.00071623	0	0	0
ASV3216	0	0	0	0.000143246	0	0
ASV3064	0	0	0	0.000572984	0	0
ASV1776	0	0.000143246	0	0	0	0
ASV188	0.004297379	0.016473285	0.007305544	0.01948145	0.003437903	0.007735281
ASV3572	0	0	0	0	0	0.000429738
ASV4312	0	0	0	0	0.000859476	0
ASV3369	0	0	0.000429738	0	0	0
ASV1494	0	0.000572984	0	0	0	0
ASV241	0.000859476	0.000286492	0.000572984	0.00071623	0.001145968	0.002148689
ASV3	0.086090818	0.068614812	0.0601633	0.07964475	0.057728119	0.083082653
ASV3810	0	0	0	0	0	0.000143246
ASV1463	0	0.000572984	0	0	0	0.000572984
ASV2822	0.000429738	0	0	0	0	0
ASV388	0.002864919	0.00071623	0	0.002291935	0.000429738	0.001575705
ASV4119	0	0	0.000143246	0	0	0
ASV1445	0.001002722	0.001289214	0.000143246	0.00143246	0.001002722	0
ASV4240	0	0	0	0	0.004440625	0
ASV1812	0	0.000286492	0	0	0	0
ASV1689	0	0.000143246	0	0	0	0
ASV2734	0.000572984	0	0	0	0	0
ASV363	0.002578427	0.003008165	0.002005443	0.003437903	0.003151411	0.001718951
ASV1854	0.00071623	0	0.000143246	0.000859476	0	0
ASV1569	0	0.000429738	0	0	0	0
ASV4030	0	0	0.000286492	0	0	0
ASV1448	0	0.00143246	0	0	0	0
ASV814	0	0	0	0	0	0
ASV2966	0	0	0	0.001145968	0	0
ASV551	0.000572984	0	0.000572984	0	0	0.000572984
ASV2419	0	0	0	0	0	0
ASV2217	0	0	0	0	0	0
ASV3594	0	0	0	0	0	0
ASV3014	0	0	0	0.000429738	0	0
ASV72	0	0.006589314	0.007592036	0.005156854	0.004583871	0
ASV831	0	0	0	0	0	0
ASV2910	0	0	0	0.004010887	0.007019052	0
ASV2993	0	0	0	0.001002722	0	0
ASV4499	0	0	0	0	0.000143246	0
ASV25	0.00601633	0.012892136	0.015757055	0.007162298	0.006302822	0.004870362
ASV1404	0	0.002721673	0.001289214	0.001862197	0.001718951	0
ASV3050	0	0	0	0.00071623	0	0
ASV488	0	0	0	0	0	0
ASV2737	0.000429738	0	0	0	0	0
ASV4187	0	0	0.000286492	0	0	0
ASV2982	0	0	0	0.001002722	0	0
ASV1392	0	0.003294657	0	0	0.002864919	0.004870362
ASV1339	0	0	0	0	0	0
ASV3461	0	0	0	0	0	0
ASV3973	0	0	0.001718951	0	0	0
ASV3522	0	0	0	0	0	0
ASV844	0	0	0	0	0	0
ASV2512	0	0	0	0	0	0
ASV3700	0	0	0	0	0	0.001002722
ASV2981	0	0	0	0.000429738	0	0
ASV1060	0	0	0	0	0.000286492	0
ASV842	0	0	0	0	0	0
ASV2309	0	0	0	0	0.003294657	0
ASV2434	0	0	0	0	0	0
ASV770	0	0	0	0	0	0
ASV2466	0	0	0	0	0	0
ASV661	0	0	0	0	0	0
ASV3242	0	0	0	0.000143246	0	0
ASV1911	0	0	0	0	0	0.00071623
ASV4735	0	0	0	0	0	0
ASV4717	0	0	0	0	0	0
ASV2609	0.001002722	0	0	0	0.002148689	0
ASV4389	0	0	0	0	0.000143246	0
ASV2367	0	0	0	0	0	0
ASV4732	0	0	0	0	0	0
ASV738	0	0	0	0	0	0
ASV1841	0	0	0	0	0	0
ASV3121	0	0	0.000572984	0.000429738	0	0
ASV906	0	0	0	0	0	0
ASV3992	0	0	0.000429738	0	0	0
ASV1371	0	0.002005443	0	0	0.001862197	0.00143246
ASV1917	0.00071623	0	0.002005443	0	0	0.000286492
ASV4064	0	0	0.000572984	0	0	0
ASV2479	0	0	0	0	0	0
ASV1256	0	0	0	0	0	0
ASV3813	0	0	0	0	0	0.000143246
ASV3731	0	0	0	0	0	0.000572984
ASV3495	0	0	0	0	0	0
ASV2143	0	0	0	0	0	0
ASV3829	0	0	0	0	0	0.000143246
ASV3101	0	0	0	0.000572984	0	0
ASV2872	0.000143246	0	0	0	0	0
ASV3818	0	0	0	0	0	0.000286492
ASV1139	0	0	0	0	0	0
ASV960	0	0	0.001718951	0	0	0
ASV273	0.001289214	0.001289214	0.001718951	0	0.001145968	0
ASV718	0	0	0	0	0	0
ASV3070	0	0	0	0.00071623	0	0
ASV2725	0.000429738	0	0	0	0	0
ASV4289	0	0	0	0	0.00071623	0
ASV3298	0	0	0	0	0	0.001718951
ASV4408	0	0	0	0	0.000286492	0
ASV3969	0	0	0.001575705	0	0	0
ASV3591	0	0	0	0	0	0
ASV1685	0	0.000286492	0	0	0	0
ASV1054	0.002291935	0.001145968	0	0	0	0.002148689
ASV2953	0	0	0	0.00143246	0	0.002005443
ASV1830	0	0	0	0	0	0
ASV1199	0	0	0	0	0	0
ASV1666	0	0.000143246	0	0	0	0
ASV1827	0	0	0	0	0	0
ASV3257	0	0	0	0	0.004010887	0
ASV3675	0	0	0	0	0	0.000859476
ASV2348	0	0	0	0	0	0
ASV2363	0	0	0	0	0	0
ASV4307	0	0	0	0	0.000572984	0
ASV4173	0	0	0.000143246	0	0	0
ASV1422	0	0.001718951	0	0	0	0
ASV2284	0	0	0	0	0	0
ASV350	0.00143246	0.002005443	0.001145968	0	0	0.00071623
ASV2200	0	0	0	0	0	0
ASV410	0	0	0	0	0	0
ASV2445	0	0	0	0	0	0
ASV4185	0	0	0.000143246	0	0	0
ASV3219	0	0	0	0.000286492	0	0
ASV2718	0.000572984	0	0	0	0	0
ASV2635	0.001002722	0	0.001289214	0	0	0
ASV4336	0	0	0	0	0.000572984	0
ASV1755	0	0.000143246	0	0	0	0
ASV1452	0	0.001289214	0	0	0.00143246	0
ASV3164	0	0	0	0.000429738	0	0
ASV4407	0	0	0	0	0.000286492	0
ASV4623	0	0	0	0	0	0
ASV2763	0.000572984	0	0	0	0	0
ASV4300	0	0	0	0	0.00071623	0
ASV3376	0	0	0.001289214	0	0	0
ASV984	0	0	0	0	0	0
ASV4491	0	0	0	0	0.000143246	0
ASV1122	0	0	0	0	0	0
ASV4165	0	0	0.000429738	0	0	0
ASV2663	0.000572984	0	0	0	0	0
ASV4193	0	0	0.000286492	0	0	0
ASV2672	0.000572984	0	0.00143246	0	0.001575705	0
ASV149	0.003151411	0.004010887	0	0	0.002435181	0.002721673
ASV3029	0	0	0	0.000859476	0	0
ASV3690	0	0	0	0	0	0.001002722
ASV4601	0	0	0	0	0	0
ASV4243	0	0	0	0	0.003437903	0
ASV2650	0.001002722	0	0	0	0	0
ASV3364	0	0	0	0	0	0
ASV4146	0	0	0.000286492	0	0	0
ASV59	0.013035382	0.009454233	0.009597479	0.008738003	0.009883971	0.007162298
ASV1524	0	0.000859476	0	0	0	0
ASV50	0.010313709	0.009024495	0.003581149	0.011602922	0.005013608	0.009454233
ASV1609	0	0.000572984	0	0	0	0
ASV4584	0	0	0	0	0.000286492	0
ASV1838	0	0	0	0	0	0
ASV1053	0	0	0	0	0	0
ASV1568	0	0.00071623	0	0	0	0
ASV2697	0.000429738	0	0	0	0	0
ASV1438	0	0.001002722	0	0.000143246	0	0
ASV4180	0	0	0.000286492	0	0	0
ASV4649	0	0	0	0	0	0
ASV4671	0	0	0	0	0	0
ASV201	0	0	0.001145968	0.003294657	0.001002722	0.000572984
ASV2589	0.001718951	0	0.000859476	0	0	0.000859476
ASV4476	0	0	0	0	0.000286492	0
ASV1758	0	0.000143246	0	0	0	0
ASV642	0	0	0	0	0	0
ASV1296	0	0	0	0	0	0
ASV2351	0	0	0	0	0	0
ASV1928	0	0	0	0	0	0
ASV4460	0	0	0	0	0.000286492	0
ASV3761	0	0	0	0	0	0.000286492
ASV2780	0.000286492	0	0	0	0	0
ASV1663	0	0.00071623	0	0	0	0
ASV2326	0	0	0	0	0	0
ASV997	0	0.001002722	0	0	0.000429738	0
ASV1631	0	0.000429738	0	0	0	0
ASV1547	0	0.000572984	0	0	0	0
ASV1413	0	0.002148689	0	0	0	0
ASV3832	0	0	0	0	0	0.000429738
ASV1327	0	0	0	0	0	0
ASV3390	0	0	0	0	0	0
ASV1340	0	0	0	0	0	0
ASV1421	0	0.002291935	0.001862197	0	0	0
ASV523	0	0	0	0	0	0.000429738
ASV1888	0	0	0	0	0	0
ASV2728	0.000572984	0	0	0	0	0
ASV3783	0	0	0	0	0	0.000286492
ASV530	0	0	0	0	0	0
ASV3799	0	0	0	0	0	0.000143246
ASV1288	0	0	0	0	0	0
ASV1711	0	0.000429738	0	0	0.000859476	0
ASV1481	0	0.000859476	0	0	0	0
ASV2550	0.011029938	0	0.002578427	0	0	0
ASV3418	0	0	0	0	0	0
ASV3486	0	0	0	0	0	0
ASV2420	0	0	0	0	0	0
ASV496	0	0	0	0	0	0
ASV2766	0.000429738	0	0	0	0	0
ASV4100	0	0	0.000286492	0	0	0
ASV15	0	0	0	0	0	0
ASV473	0	0	0	0	0	0
ASV1239	0	0	0	0	0	0
ASV1923	0	0	0	0	0	0
ASV2777	0.000143246	0	0	0	0	0
ASV3633	0	0	0.00143246	0	0	0.002578427
ASV276	0	0.000859476	0	0.002005443	0.001718951	0.002005443
ASV4057	0	0	0.000286492	0	0	0
ASV2173	0	0	0	0	0	0
ASV1432	0	0.001718951	0	0	0	0
ASV4383	0	0	0	0	0.000572984	0
ASV4858	0	0	0	0	0	0
ASV2259	0	0	0.00673256	0	0.004154133	0
ASV937	0	0.000859476	0	0	0	0.000286492
ASV1559	0	0.000429738	0	0	0	0
ASV779	0	0	0	0	0	0
ASV3346	0	0	0	0	0	0
ASV1485	0	0.000859476	0	0	0	0
ASV3763	0	0	0	0	0	0.000143246
ASV427	0	0	0	0	0	0
ASV1867	0	0	0.003867641	0	0	0
ASV3617	0	0	0	0	0	0
ASV2948	0	0	0	0.001718951	0.000143246	0
ASV253	0.002148689	0.002005443	0.002864919	0.001718951	0.003437903	0.002435181
ASV1781	0	0.000286492	0	0	0	0
ASV4009	0	0	0.00071623	0	0	0
ASV4039	0	0	0.000572984	0	0	0
ASV2215	0	0	0	0	0	0
ASV895	0	0	0	0.002864919	0	0
ASV1699	0	0.000286492	0	0	0	0
ASV1226	0	0	0	0	0	0
ASV3168	0	0	0	0.000286492	0	0
ASV4821	0	0	0	0	0	0
ASV1370	0	0.004727116	0	0	0	0
ASV2153	0	0	0	0	0	0
ASV2271	0	0	0	0	0.001289214	0
ASV2134	0	0	0	0	0	0
ASV361	0	0.000143246	0	0	0.001002722	0.000429738
ASV3428	0	0	0	0	0	0
ASV662	0	0.000143246	0.000429738	0	0.000429738	0
ASV3342	0	0	0	0	0	0
ASV324	0	0	0	0	0	0
ASV2950	0	0	0	0.001862197	0	0
ASV1268	0	0	0	0	0	0
ASV3326	0	0	0	0	0	0
ASV3655	0	0	0	0	0	0.001002722
ASV4319	0	0	0	0	0.000429738	0
ASV2700	0.000429738	0	0	0	0	0
ASV3678	0	0	0	0	0	0.001575705
ASV2370	0.000429738	0	0.001862197	0	0	0.00071623
ASV3554	0	0	0	0	0	0
ASV405	0	0.001002722	0.000859476	0.000429738	0.000572984	0
ASV3223	0	0	0	0.000143246	0	0
ASV432	0	0	0.000429738	0	0.000286492	0.00071623
ASV2035	0	0	0	0	0	0
ASV3033	0	0	0	0.00071623	0	0
ASV4338	0	0	0	0	0.000286492	0
ASV391	0	0	0	0	0	0
ASV1620	0	0.000143246	0	0	0	0
ASV342	0.001145968	0	0.000572984	0	0.002721673	0
ASV4666	0	0	0	0	0	0
ASV4696	0	0	0	0	0	0
ASV4698	0	0	0	0	0	0
ASV1075	0	0	0	0	0	0
ASV3985	0	0	0.001145968	0	0	0
ASV1154	0	0	0	0	0	0
ASV758	0	0	0	0	0	0
ASV3005	0	0	0	0.000859476	0	0
ASV3320	0	0	0.00071623	0	0	0
ASV3312	0	0	0	0	0.000572984	0
ASV1430	0	0.001145968	0	0	0	0
ASV2301	0	0	0	0	0	0
ASV3595	0	0	0	0	0	0
ASV4277	0	0	0	0	0.000859476	0
ASV1369	0	0.004440625	0	0	0.001862197	0.007305544
ASV3914	0	0	0	0	0	0.000143246
ASV2085	0	0	0	0	0	0
ASV4851	0	0	0	0	0	0
ASV820	0	0	0	0	0	0
ASV4306	0	0	0	0	0.000859476	0
ASV1510	0	0.000429738	0	0	0.000286492	0
ASV3460	0	0	0	0	0	0
ASV1346	0	0	0	0	0	0
ASV916	0	0	0	0	0	0
ASV4230	0	0	0.000143246	0	0	0
ASV2648	0.001289214	0	0	0.000859476	0	0
ASV2891	0.000286492	0	0	0	0	0
ASV3993	0	0	0.001145968	0	0	0
ASV1533	0	0.00071623	0	0	0	0
ASV4115	0	0	0.000572984	0	0	0
ASV37	0.00744879	0.009597479	0.005156854	0.00601633	0.007735281	0.004870362
ASV1308	0	0	0	0	0	0
ASV4083	0	0	0.000143246	0	0	0
ASV4695	0	0	0	0	0	0
ASV720	0	0	0	0	0	0
ASV2027	0	0	0	0	0	0
ASV4070	0	0	0.000572984	0	0	0
ASV533	0	0	0	0.000859476	0	0
ASV3773	0	0	0	0	0	0.000572984
ASV243	0	0.003581149	0.002578427	0.0053001	0.007305544	0.003151411
ASV4574	0	0	0	0	0.000143246	0
ASV2776	0.000286492	0	0	0.00143246	0	0
ASV1055	0	0.001145968	0	0	0	0
ASV3673	0	0	0	0	0	0.001002722
ASV2483	0	0	0	0.00071623	0	0
ASV280	0	0.000572984	0.001862197	0	0	0
ASV736	0	0	0	0	0	0
ASV1842	0	0	0.003724395	0	0	0
ASV1881	0	0	0.001862197	0	0	0
ASV3936	0	0	0.003437903	0	0.003724395	0
ASV2138	0	0	0	0	0	0
ASV1883	0	0	0	0	0	0
ASV998	0	0.000572984	0	0	0	0
ASV1736	0	0.000143246	0	0	0	0
ASV3057	0	0	0	0.000572984	0	0
ASV441	0.00143246	0.003581149	0	0.001575705	0.000859476	0
ASV1875	0	0	0	0	0	0
ASV2266	0	0	0	0	0	0.002721673
ASV737	0	0	0	0	0	0
ASV2629	0.001002722	0	0	0.001002722	0	0
ASV1155	0	0	0	0	0.001289214	0
ASV438	0.001575705	0.000572984	0.001718951	0.000286492	0.001002722	0.00071623
ASV3864	0	0	0	0	0	0.000286492
ASV1188	0	0	0	0	0	0
ASV1214	0	0	0	0	0	0
ASV1535	0.000572984	0.000859476	0	0.001145968	0.001002722	0
ASV2778	0.000286492	0	0	0	0	0
ASV1851	0	0	0.000572984	0	0	0.001002722
ASV32	0.013751612	0.006446068	0.007878527	0.012605644	0.008165019	0.020770663
ASV3004	0	0	0	0.000572984	0	0
ASV156	0.001575705	0.006589314	0.004727116	0.0053001	0.004154133	0.005873084
ASV111	0.002864919	0.002435181	0.003008165	0	0.005013608	0.001718951
ASV1517	0	0.000429738	0	0	0	0
ASV1922	0	0	0	0	0	0
ASV1729	0	0.000286492	0	0	0	0
ASV1073	0	0	0	0	0	0
ASV3325	0	0	0	0	0	0
ASV2977	0	0	0	0.001002722	0	0
ASV2703	0.000286492	0	0	0	0	0
ASV131	0.002148689	0.003151411	0.004154133	0.003867641	0.001575705	0.003581149
ASV238	0.001862197	0	0.002005443	0	0	0
ASV3622	0	0	0	0	0	0.004727116
ASV334	0	0	0	0	0	0
ASV4640	0	0	0	0	0	0
ASV2649	0.001002722	0	0	0	0	0
ASV4223	0	0	0.000143246	0	0	0
ASV1508	0	0.00071623	0	0.000859476	0	0
ASV2976	0	0	0.000572984	0.001289214	0	0
ASV3908	0	0	0	0	0	0.000143246
ASV4071	0	0	0.000429738	0	0	0
ASV4384	0	0	0	0	0.000143246	0
ASV4328	0	0	0	0	0.001145968	0
ASV4682	0	0	0	0	0	0
ASV3856	0	0	0	0	0	0.000143246
ASV3449	0	0	0	0	0	0
ASV1860	0	0	0	0	0	0
ASV2744	0.000286492	0	0	0	0	0
ASV4320	0	0	0	0	0.000572984	0
ASV1869	0	0	0	0	0.001718951	0
ASV336	0	0.001145968	0.001575705	0.001575705	0.000429738	0.002291935
ASV3689	0	0	0	0	0	0.00143246
ASV3683	0	0	0	0	0	0.001145968
ASV2659	0.000572984	0	0	0	0	0
ASV3854	0	0	0	0	0	0.000286492
ASV3765	0	0	0	0	0	0.000286492
ASV2562	0.004727116	0	0	0	0.003724395	0.005729838
ASV1920	0	0	0	0	0	0
ASV1428	0.000286492	0.001862197	0	0	0.00071623	0
ASV1104	0.007305544	0.002005443	0	0	0	0
ASV3963	0	0	0.00143246	0	0	0
ASV1554	0	0.000429738	0	0	0.000286492	0
ASV2061	0	0	0	0	0	0
ASV2557	0.005156854	0	0	0	0.004727116	0
ASV348	0	0.000572984	0.002148689	0	0	0.00143246
ASV1014	0.000286492	0.003724395	0.002148689	0.004154133	0.001575705	0.002005443
ASV236	0	0	0	0	0.001289214	0
ASV2283	0	0	0	0	0	0
ASV2090	0	0	0	0	0	0
ASV3629	0	0	0	0	0	0.003008165
ASV2860	0.000143246	0	0	0	0	0
ASV691	0	0	0	0	0	0
ASV256	0	0.002435181	0.001862197	0.001718951	0	0
ASV1866	0	0	0	0	0	0
ASV36	0.010027217	0.027932961	0.010456955	0.008451511	0.007878527	0.007735281
ASV1160	0	0	0	0	0	0
ASV2957	0	0	0	0.000859476	0	0
ASV1067	0	0	0	0	0	0
ASV1292	0	0	0	0	0	0
ASV509	0	0	0.000859476	0.000572984	0	0.000286492
ASV4062	0	0	0.000572984	0	0.000429738	0
ASV2670	0.000859476	0	0	0	0	0
ASV562	0	0	0	0	0	0
ASV1599	0	0.000429738	0	0	0	0
ASV409	0	0	0	0	0	0
ASV403	0.001575705	0.00071623	0	0	0	0.000429738
ASV1096	0	0	0	0	0	0
ASV4342	0	0	0	0	0.000286492	0
ASV4597	0	0	0	0	0	0
ASV4802	0	0	0	0	0	0
ASV1639	0	0.000286492	0	0	0	0
ASV382	0	0	0	0	0	0
ASV552	0	0	0	0	0	0
ASV4771	0	0	0	0	0	0
ASV471	0	0	0.000286492	0.00071623	0	0
ASV1834	0	0	0	0	0	0
ASV4760	0	0	0	0	0	0
ASV1470	0	0.001002722	0	0	0	0
ASV3516	0	0	0	0	0	0
ASV2823	0.000143246	0	0	0	0	0
ASV3556	0	0	0	0	0	0
ASV3896	0	0	0	0	0	0.000286492
ASV1387	0	0.003151411	0	0	0	0
ASV1579	0	0.000572984	0	0	0	0
ASV4480	0	0	0	0	0.000143246	0
ASV2254	0	0	0	0	0	0
ASV4290	0	0	0	0	0.00071623	0
ASV554	0	0	0	0	0	0
ASV1993	0	0	0	0	0	0
ASV212	0	0.008021773	0	0	0	0
ASV657	0	0	0	0	0	0
ASV2082	0	0	0	0	0	0
ASV1379	0	0.003151411	0	0	0	0
ASV2121	0	0	0	0	0	0
ASV2486	0	0	0	0	0	0
ASV154	0.001718951	0.001002722	0.002291935	0.001862197	0.001718951	0.000859476
ASV2824	0.000429738	0	0	0	0	0
ASV1395	0.007162298	0.002435181	0.002578427	0.00071623	0.003294657	0
ASV1125	0	0	0	0	0	0
ASV669	0	0	0	0	0	0
ASV4251	0	0	0	0	0.001145968	0
ASV884	0.002435181	0	0.003867641	0	0	0
ASV4141	0	0	0.000429738	0	0	0
ASV3402	0	0	0	0	0	0
ASV2013	0	0	0	0	0	0
ASV3052	0	0	0	0.000572984	0.000286492	0
ASV3261	0	0	0.000572984	0	0.000286492	0
ASV4368	0	0	0	0	0.000286492	0
ASV4656	0	0	0	0	0	0
ASV2347	0	0	0	0	0	0
ASV2732	0.000572984	0	0	0	0	0
ASV556	0	0	0	0	0	0
ASV47	0.005156854	0	0	0.004010887	0	0
ASV3488	0	0	0	0	0	0
ASV970	0	0	0.00071623	0	0	0
ASV3505	0	0	0	0	0	0
ASV4465	0	0	0	0	0.000286492	0
ASV4244	0	0	0	0	0.002721673	0
ASV3218	0	0	0	0.000143246	0	0
ASV76	0.004297379	0.00744879	0.005586592	0.004154133	0.002435181	0.003437903
ASV4453	0	0	0	0	0.000286492	0
ASV999	0	0	0.002864919	0.001002722	0	0
ASV993	0	0	0	0	0	0
ASV1563	0	0.000572984	0	0	0	0
ASV1514	0	0.000429738	0	0	0	0
ASV2498	0	0	0	0	0	0
ASV220	0	0.001002722	0.002864919	0.002005443	0	0.001145968
ASV1575	0	0.000429738	0.000143246	0	0.001002722	0.000572984
ASV4445	0	0	0	0	0.000286492	0
ASV2142	0	0	0	0	0	0
ASV2423	0	0	0	0	0	0
ASV4103	0	0	0.000286492	0	0	0
ASV2207	0	0	0	0	0	0
ASV4269	0	0	0	0	0.001862197	0
ASV2505	0	0	0	0	0	0.000143246
ASV1502	0	0.00143246	0	0	0	0
ASV3817	0	0	0	0	0	0.000286492
ASV1676	0	0.000143246	0	0	0	0
ASV2343	0	0	0	0	0	0
ASV310	0	0.002148689	0.000572984	0.002291935	0.000572984	0.001002722
ASV329	0.00071623	0.001145968	0	0	0	0
ASV808	0	0	0	0	0	0
ASV3637	0	0	0	0	0	0.002578427
ASV1193	0.000429738	0	0.000859476	0	0	0
ASV1402	0	0.001862197	0	0	0.002291935	0
ASV3250	0	0	0	0	0	0
ASV911	0.002864919	0.002578427	0	0	0.008451511	0
ASV4012	0	0	0.000859476	0	0	0
ASV1367	0	0.003437903	0.004727116	0.002864919	0.003294657	0
ASV3743	0	0	0	0	0	0.000859476
ASV2034	0	0	0	0	0	0
ASV1584	0	0.000429738	0	0	0	0
ASV919	0.00143246	0	0	0.002005443	0.002291935	0.000859476
ASV3579	0	0	0	0	0	0
ASV2567	0.003437903	0	0	0	0	0
ASV2458	0	0	0	0	0	0
ASV977	0	0	0	0	0	0
ASV4025	0	0	0.000286492	0	0	0
ASV3468	0	0	0	0	0	0
ASV1637	0	0.000286492	0	0	0	0
ASV3839	0	0	0	0	0	0.000143246
ASV3292	0	0	0	0	0	0
ASV499	0	0	0	0	0	0
ASV3224	0	0	0	0.000143246	0	0
ASV4135	0	0	0.000286492	0	0	0
ASV4493	0	0	0	0	0.000143246	0
ASV3940	0	0	0.002864919	0	0	0
ASV3983	0	0	0.001002722	0	0	0
ASV690	0	0	0	0	0	0
ASV101	0.005443346	0.002864919	0.002148689	0.002435181	0.003724395	0.00071623
ASV4252	0	0	0	0	0.002148689	0
ASV2963	0	0	0	0.001718951	0	0
ASV2064	0	0	0	0	0	0
ASV2471	0	0	0	0	0	0
ASV3581	0	0	0	0	0	0
ASV4749	0	0	0	0	0	0
ASV666	0	0	0	0	0	0
ASV1033	0	0	0	0	0	0
ASV3395	0	0	0.001145968	0	0	0
ASV503	0	0	0	0	0	0
ASV133	0.009454233	0.004727116	0.0053001	0.013894857	0.013894857	0
ASV3385	0	0	0	0	0	0
ASV1219	0	0	0	0	0	0
ASV936	0	0	0	0.002721673	0	0
ASV3947	0	0	0.001575705	0	0	0
ASV3260	0	0	0	0	0	0
ASV4302	0	0	0	0	0.000286492	0
ASV4762	0	0	0	0	0	0
ASV281	0	0	0	0	0.001002722	0
ASV4237	0	0	0	0	0.00673256	0
ASV1173	0	0	0	0	0	0
ASV2673	0.000429738	0	0	0	0	0
ASV2282	0	0	0.001002722	0.003867641	0.001718951	0
ASV1504	0	0.001002722	0	0	0	0
ASV4568	0	0	0	0	0	0
ASV4411	0	0	0	0	0.000143246	0
ASV3694	0	0	0	0	0	0.001145968
ASV3701	0	0	0	0	0	0.001002722
ASV4351	0	0	0	0	0.000429738	0
ASV4255	0	0	0	0	0.001718951	0
ASV1396	0	0.002148689	0	0	0	0
ASV3917	0	0	0	0	0	0.000286492
ASV1450	0	0.001002722	0	0	0	0
ASV644	0	0	0	0	0	0
ASV1118	0	0	0	0	0	0
ASV3770	0	0	0	0	0	0.000429738
ASV1410	0	0.002005443	0	0	0	0
ASV943	0	0.001289214	0.003294657	0	0	0
ASV2640	0.000429738	0	0	0	0	0
ASV3351	0	0	0	0	0	0.000143246
ASV2816	0.000286492	0	0	0	0	0
ASV570	0	0	0	0	0	0
ASV2029	0	0	0	0	0	0
ASV1416	0	0.00143246	0.000572984	0.00071623	0	0
ASV226	0	0	0	0.002864919	0	0.001145968
ASV4546	0	0	0	0	0.000143246	0
ASV2543	0	0	0	0	0	0
ASV4232	0	0	0.000143246	0	0	0
ASV1840	0	0	0	0	0	0.002005443
ASV4045	0	0	0.000572984	0	0	0
ASV1772	0	0.000143246	0	0	0	0
ASV2545	0	0	0	0	0	0
ASV2668	0.000429738	0	0	0	0	0
ASV2352	0	0	0	0.002005443	0	0
ASV3641	0	0	0	0	0	0.002005443
ASV3038	0	0	0	0.00071623	0	0
ASV4073	0	0	0.000286492	0	0	0
ASV185	0	0	0	0	0	0
ASV4043	0	0	0.000859476	0	0	0
ASV110	0.002148689	0.006589314	0.005443346	0.005156854	0.007735281	0.003008165
ASV2440	0	0	0.000286492	0	0	0.000429738
ASV2738	0.000572984	0	0	0	0	0
ASV4120	0	0	0.000429738	0	0	0
ASV3410	0	0	0	0	0	0
ASV1070	0	0	0.000572984	0	0	0
ASV4680	0	0	0	0	0	0
ASV458	0	0	0	0	0	0
ASV4786	0	0	0	0	0	0
ASV4655	0	0	0	0	0	0
ASV2297	0.003151411	0	0.00143246	0	0	0
ASV4284	0	0	0	0	0.00071623	0
ASV2457	0	0	0	0	0	0
ASV636	0	0	0	0	0	0
ASV2911	0	0	0	0.003581149	0	0
ASV4109	0	0	0.000429738	0	0	0
ASV505	0.002005443	0.000572984	0.002291935	0.002005443	0.00143246	0
ASV3254	0	0	0	0	0.002291935	0
ASV2368	0	0	0	0	0	0
ASV2294	0	0	0	0	0	0
ASV3730	0	0	0	0	0.000859476	0.00071623
ASV2689	0.000572984	0	0	0	0	0
ASV1394	0	0.002291935	0.000859476	0	0	0
ASV3209	0	0	0	0.000143246	0	0
ASV4451	0	0	0	0	0.000143246	0
ASV372	0	0.000572984	0	0	0.000286492	0.000143246
ASV119	0	0.002148689	0.002005443	0.001862197	0.005156854	0.002864919
ASV3688	0	0	0	0	0	0.00071623
ASV859	0	0	0	0	0	0
ASV2779	0.000429738	0	0	0	0	0
ASV1774	0	0.000286492	0	0	0	0
ASV2875	0.000286492	0	0	0	0	0
ASV1957	0	0	0	0	0	0
ASV2350	0	0	0	0	0	0
ASV2439	0	0	0	0	0	0
ASV653	0	0	0	0	0	0
ASV2507	0	0	0	0	0	0
ASV4736	0	0	0	0	0	0
ASV1863	0	0	0	0	0	0
ASV1718	0	0.000286492	0	0	0	0
ASV3370	0	0	0	0	0	0
ASV3636	0	0	0	0	0	0.002291935
ASV2608	0.001575705	0	0	0	0	0
ASV991	0	0	0	0	0	0
ASV693	0	0	0	0	0	0
ASV3834	0	0	0	0	0	0.000429738
ASV3419	0	0	0.000143246	0	0	0
ASV2632	0.001002722	0	0	0	0	0
ASV731	0.000429738	0	0.001002722	0	0	0.002291935
ASV631	0	0	0	0.000286492	0.000859476	0.000429738
ASV2814	0.000286492	0	0	0	0	0
ASV3170	0	0	0	0.000286492	0	0
ASV1409	0	0.002148689	0	0	0	0
ASV2974	0	0	0.000286492	0.00071623	0	0
ASV52	0.003151411	0.003581149	0.006446068	0.006875806	0.005729838	0.011029938
ASV2100	0	0	0	0.00071623	0	0
ASV3073	0	0	0.000429738	0.00071623	0	0
ASV2465	0	0	0	0	0	0
ASV667	0	0	0	0	0	0
ASV593	0	0.000859476	0.001002722	0.001289214	0.001289214	0.001145968
ASV526	0	0	0	0.000859476	0	0
ASV3504	0	0	0	0	0	0
ASV1180	0	0	0	0	0	0
ASV2125	0	0	0	0	0	0
ASV4733	0	0	0	0	0	0
ASV4359	0	0	0	0	0.00071623	0
ASV3925	0	0	0	0	0	0.000143246
ASV173	0.002864919	0.00071623	0.002435181	0.001862197	0.001289214	0.006302822
ASV3002	0	0	0	0.001145968	0	0
ASV2882	0.000286492	0	0	0	0	0
ASV2231	0	0	0	0	0	0
ASV3306	0	0	0	0	0	0
ASV1981	0	0	0	0	0	0
ASV976	0	0	0	0	0	0
ASV2978	0	0	0	0.000286492	0	0
ASV4807	0	0	0	0	0	0
ASV4554	0	0	0	0	0.000286492	0
ASV3821	0	0	0	0	0	0.000286492
ASV3058	0	0	0	0.000286492	0	0
ASV2279	0	0	0.001145968	0	0	0.003294657
ASV2529	0	0	0	0	0	0
ASV1028	0.001862197	0.001145968	0	0	0	0
ASV4594	0	0	0	0	0	0
ASV769	0	0	0	0	0	0
ASV2715	0.000429738	0	0	0	0	0
ASV584	0	0	0	0	0	0
ASV4420	0	0	0	0	0.000143246	0
ASV354	0	0	0.00071623	0	0	0.000286492
ASV1117	0	0	0	0	0	0
ASV711	0	0	0	0	0	0
ASV429	0	0	0	0	0	0
ASV3588	0	0	0	0	0	0
ASV3790	0	0	0	0	0	0.000429738
ASV3746	0	0	0	0	0	0.000429738
ASV3718	0	0	0	0	0	0.00071623
ASV2158	0	0	0	0	0	0
ASV2924	0	0	0	0.002291935	0	0
ASV452	0.000859476	0	0	0.001862197	0	0.000286492
ASV4683	0	0	0	0	0	0
ASV2930	0	0	0	0.001145968	0	0.001575705
ASV196	0	0	0	0	0	0
ASV4511	0	0	0	0	0.000143246	0
ASV4845	0	0	0	0	0	0
ASV416	0.00071623	0.000143246	0.000859476	0.000572984	0.000143246	0.00071623
ASV40	0.007162298	0.005156854	0.004727116	0.010743446	0.006589314	0.007735281
ASV1145	0	0	0	0	0	0
ASV1856	0.001145968	0	0.001289214	0.003724395	0	0
ASV485	0	0	0	0.00071623	0	0
ASV2514	0	0	0	0	0	0
ASV474	0.001289214	0.000286492	0	0	0	0
ASV16	0.013608366	0.010027217	0.008165019	0.012605644	0.01203266	0.009740725
ASV793	0	0	0	0	0	0
ASV353	0	0	0	0	0	0
ASV3415	0	0	0	0	0	0
ASV658	0	0	0	0	0	0
ASV4556	0	0	0	0	0.000143246	0
ASV1675	0	0.000286492	0	0	0	0
ASV2513	0	0	0	0	0	0
ASV2707	0.000429738	0	0	0	0	0.000429738
ASV1560	0	0.000572984	0	0	0	0
ASV2876	0.000286492	0	0	0	0	0
ASV4719	0	0	0	0	0	0
ASV3560	0	0	0	0	0	0
ASV2862	0.000286492	0	0	0	0	0
ASV2646	0.001002722	0	0	0	0.000859476	0
ASV1948	0	0	0	0	0	0
ASV4876	0	0	0	0	0	0
ASV608	0	0	0	0	0	0
ASV292	0	0	0	0	0	0
ASV2201	0	0	0	0	0	0
ASV1550	0	0.000429738	0	0	0	0
ASV2904	0	0	0	0.007162298	0	0
ASV741	0	0	0	0	0	0.000429738
ASV4079	0	0	0.000429738	0	0	0
ASV1157	0	0	0	0	0	0
ASV2	0	0.004870362	0	0.005013608	0	0
ASV1995	0	0	0	0	0	0
ASV3532	0	0	0	0	0	0
ASV3438	0	0	0	0	0	0
ASV2940	0	0	0	0.001862197	0	0
ASV2844	0.000143246	0	0	0	0	0
ASV1044	0	0	0	0	0	0
ASV850	0	0	0	0	0	0
ASV1855	0	0	0	0	0	0
ASV774	0	0	0	0	0	0
ASV880	0	0	0	0	0	0
ASV839	0	0	0	0	0	0.004440625
ASV1572	0	0.000572984	0	0	0	0.002148689
ASV3131	0	0	0	0.000429738	0	0
ASV2918	0	0	0	0.002291935	0	0
ASV442	0	0	0	0	0	0
ASV3179	0	0	0	0.000143246	0	0
ASV1956	0	0	0	0	0	0
ASV3521	0	0	0	0	0	0.000286492
ASV3090	0	0	0	0.000429738	0	0
ASV1458	0	0.001289214	0	0	0	0
ASV4347	0	0	0	0	0.000572984	0
ASV4751	0	0	0	0	0	0
ASV4625	0	0	0	0	0	0
ASV2006	0	0	0	0	0	0
ASV2278	0	0	0	0	0	0
ASV4720	0	0	0	0	0	0
ASV3055	0	0	0	0.000859476	0	0
ASV1571	0	0.000572984	0	0	0	0
ASV1133	0	0.000286492	0	0	0	0.000429738
ASV2617	0.000572984	0	0.001289214	0	0.000429738	0
ASV2519	0	0	0	0	0	0
ASV437	0	0	0	0	0	0
ASV1286	0	0	0	0	0	0
ASV1231	0	0	0	0	0	0
ASV2956	0	0	0	0.00071623	0	0
ASV2480	0	0	0	0	0	0
